1357,1357,2021-11-19-23:34:32.3135802-05:00
825,2182,2021-11-19-23:34:32.3267957-05:00
396,2578,2021-11-19-23:34:32.3268354-05:00
1014,3592,2021-11-19-23:34:32.3268501-05:00
1886,5478,2021-11-19-23:34:32.3268520-05:00
1948,7426,2021-11-19-23:34:32.3268535-05:00
384,7810,2021-11-19-23:34:32.3268548-05:00
1779,9589,2021-11-19-23:34:32.3268561-05:00
412,10001,2021-11-19-23:34:32.3268576-05:00
1587,11588,2021-11-19-23:34:32.3268590-05:00
545,12133,2021-11-19-23:34:32.3268603-05:00
1835,13968,2021-11-19-23:34:32.3268616-05:00
665,14633,2021-11-19-23:34:32.3268628-05:00
1203,15836,2021-11-19-23:34:32.3268641-05:00
347,16183,2021-11-19-23:34:32.3268653-05:00
1228,17411,2021-11-19-23:34:32.3268665-05:00
612,18023,2021-11-19-23:34:32.3268678-05:00
258,18281,2021-11-19-23:34:32.3268690-05:00
336,18617,2021-11-19-23:34:32.3268703-05:00
186,18803,2021-11-19-23:34:32.3268715-05:00
1647,20450,2021-11-19-23:34:32.3268727-05:00
575,21025,2021-11-19-23:34:32.3268740-05:00
1944,22969,2021-11-19-23:34:32.3268752-05:00
1577,24546,2021-11-19-23:34:32.3268771-05:00
278,24824,2021-11-19-23:34:32.3268797-05:00
110,24934,2021-11-19-23:34:32.3268810-05:00
1903,26837,2021-11-19-23:34:32.3268823-05:00
565,27402,2021-11-19-23:34:32.3268836-05:00
365,27767,2021-11-19-23:34:32.3268849-05:00
928,28695,2021-11-19-23:34:32.3268867-05:00
1679,30374,2021-11-19-23:34:32.3268880-05:00
899,31273,2021-11-19-23:34:32.3269054-05:00
1687,32960,2021-11-19-23:34:32.3269083-05:00
1385,34345,2021-11-19-23:34:32.3269098-05:00
676,35021,2021-11-19-23:34:32.3269113-05:00
1267,36288,2021-11-19-23:34:32.3269127-05:00
1546,37834,2021-11-19-23:34:32.3269141-05:00
1854,39688,2021-11-19-23:34:32.3269154-05:00
93,39781,2021-11-19-23:34:32.3269167-05:00
1985,41766,2021-11-19-23:34:32.3269181-05:00
1205,42971,2021-11-19-23:34:32.3269195-05:00
1589,44560,2021-11-19-23:34:32.3269208-05:00
1034,45594,2021-11-19-23:34:32.3269221-05:00
74,45668,2021-11-19-23:34:32.3269235-05:00
1242,46910,2021-11-19-23:34:32.3269248-05:00
800,47710,2021-11-19-23:34:32.3269261-05:00
1831,49541,2021-11-19-23:34:32.3269274-05:00
499,50040,2021-11-19-23:34:32.3269288-05:00
578,50618,2021-11-19-23:34:32.3269301-05:00
1384,52002,2021-11-19-23:34:32.3269315-05:00
1806,53808,2021-11-19-23:34:32.3269329-05:00
111,53919,2021-11-19-23:34:32.3269342-05:00
152,54071,2021-11-19-23:34:32.3269355-05:00
739,54810,2021-11-19-23:34:32.3269369-05:00
487,55297,2021-11-19-23:34:32.3269382-05:00
782,56079,2021-11-19-23:34:32.3269395-05:00
880,56959,2021-11-19-23:34:32.3269408-05:00
818,57777,2021-11-19-23:34:32.3269422-05:00
737,58514,2021-11-19-23:34:32.3269435-05:00
1776,60290,2021-11-19-23:34:32.3269448-05:00
45,60335,2021-11-19-23:34:32.3269461-05:00
1818,62153,2021-11-19-23:34:32.3269550-05:00
1415,63568,2021-11-19-23:34:32.3269571-05:00
1484,65052,2021-11-19-23:34:32.3269586-05:00
1907,66959,2021-11-19-23:34:32.3269600-05:00
1645,68604,2021-11-19-23:34:32.3269614-05:00
148,68752,2021-11-19-23:34:32.3269629-05:00
1279,70031,2021-11-19-23:34:32.3269642-05:00
528,70559,2021-11-19-23:34:32.3269654-05:00
1079,71638,2021-11-19-23:34:32.3269667-05:00
1681,73319,2021-11-19-23:34:32.3269680-05:00
757,74076,2021-11-19-23:34:32.3269692-05:00
166,74242,2021-11-19-23:34:32.3269704-05:00
351,74593,2021-11-19-23:34:32.3269716-05:00
980,75573,2021-11-19-23:34:32.3269728-05:00
58,75631,2021-11-19-23:34:32.3269741-05:00
1541,77172,2021-11-19-23:34:32.3269753-05:00
1871,79043,2021-11-19-23:34:32.3269765-05:00
336,79379,2021-11-19-23:34:32.3269777-05:00
1477,80856,2021-11-19-23:34:32.3269789-05:00
279,81135,2021-11-19-23:34:32.3269801-05:00
1405,82540,2021-11-19-23:34:32.3269813-05:00
1986,84526,2021-11-19-23:34:32.3269826-05:00
981,85507,2021-11-19-23:34:32.3269838-05:00
1121,86628,2021-11-19-23:34:32.3269850-05:00
1569,88197,2021-11-19-23:34:32.3269862-05:00
748,88945,2021-11-19-23:34:32.3269874-05:00
948,89893,2021-11-19-23:34:32.3269886-05:00
899,90792,2021-11-19-23:34:32.3269898-05:00
1893,92685,2021-11-19-23:34:32.3269910-05:00
388,93073,2021-11-19-23:34:32.3269922-05:00
728,93801,2021-11-19-23:34:32.3269934-05:00
1118,94919,2021-11-19-23:34:32.3269946-05:00
316,95235,2021-11-19-23:34:32.3269959-05:00
1941,97176,2021-11-19-23:34:32.3270017-05:00
1387,98563,2021-11-19-23:34:32.3270036-05:00
175,98738,2021-11-19-23:34:32.3270050-05:00
1549,100287,2021-11-19-23:34:32.3270063-05:00
166,100453,2021-11-19-23:34:32.3270077-05:00
1596,102049,2021-11-19-23:34:32.3270091-05:00
652,102701,2021-11-19-23:34:32.3270104-05:00
552,103253,2021-11-19-23:34:32.3270117-05:00
1970,105223,2021-11-19-23:34:32.3270130-05:00
1498,106721,2021-11-19-23:34:32.3270143-05:00
1703,108424,2021-11-19-23:34:32.3270155-05:00
1050,109474,2021-11-19-23:34:32.3270168-05:00
1944,111418,2021-11-19-23:34:32.3270181-05:00
1801,113219,2021-11-19-23:34:32.3270194-05:00
1758,114977,2021-11-19-23:34:32.3270206-05:00
429,115406,2021-11-19-23:34:32.3270219-05:00
1240,116646,2021-11-19-23:34:32.3270231-05:00
1009,117655,2021-11-19-23:34:32.3270243-05:00
483,118138,2021-11-19-23:34:32.3270255-05:00
1259,119397,2021-11-19-23:34:32.3270268-05:00
1497,120894,2021-11-19-23:34:32.3270280-05:00
639,121533,2021-11-19-23:34:32.3270292-05:00
1831,123364,2021-11-19-23:34:32.3270305-05:00
434,123798,2021-11-19-23:34:32.3270317-05:00
364,124162,2021-11-19-23:34:32.3270329-05:00
339,124501,2021-11-19-23:34:32.3270341-05:00
897,125398,2021-11-19-23:34:32.3270353-05:00
1199,126597,2021-11-19-23:34:32.3270431-05:00
380,126977,2021-11-19-23:34:32.3270451-05:00
634,127611,2021-11-19-23:34:32.3270466-05:00
692,128303,2021-11-19-23:34:32.3270479-05:00
953,129256,2021-11-19-23:34:32.3270491-05:00
1638,130894,2021-11-19-23:34:32.3270504-05:00
1849,132743,2021-11-19-23:34:32.3270516-05:00
409,133152,2021-11-19-23:34:32.3270528-05:00
1593,134745,2021-11-19-23:34:32.3270540-05:00
1882,136627,2021-11-19-23:34:32.3270553-05:00
1992,138619,2021-11-19-23:34:32.3270565-05:00
1706,140325,2021-11-19-23:34:32.3270577-05:00
739,141064,2021-11-19-23:34:32.3270589-05:00
825,141889,2021-11-19-23:34:32.3270601-05:00
1726,143615,2021-11-19-23:34:32.3270614-05:00
1435,145050,2021-11-19-23:34:32.3270626-05:00
489,145539,2021-11-19-23:34:32.3270638-05:00
1278,146817,2021-11-19-23:34:32.3270650-05:00
71,146888,2021-11-19-23:34:32.3270662-05:00
1624,148512,2021-11-19-23:34:32.3270674-05:00
947,149459,2021-11-19-23:34:32.3270687-05:00
1190,150649,2021-11-19-23:34:32.3270699-05:00
471,151120,2021-11-19-23:34:32.3270711-05:00
654,151774,2021-11-19-23:34:32.3270723-05:00
1378,153152,2021-11-19-23:34:32.3270735-05:00
246,153398,2021-11-19-23:34:32.3270748-05:00
1858,155256,2021-11-19-23:34:32.3270760-05:00
819,156075,2021-11-19-23:34:32.3270772-05:00
1302,157377,2021-11-19-23:34:32.3270784-05:00
1555,158932,2021-11-19-23:34:32.3270796-05:00
1741,160673,2021-11-19-23:34:32.3270809-05:00
1185,161858,2021-11-19-23:34:32.3270821-05:00
1826,163684,2021-11-19-23:34:32.3270833-05:00
699,164383,2021-11-19-23:34:32.3270891-05:00
1452,165835,2021-11-19-23:34:32.3270911-05:00
172,166007,2021-11-19-23:34:32.3270925-05:00
1336,167343,2021-11-19-23:34:32.3270939-05:00
807,168150,2021-11-19-23:34:32.3270968-05:00
750,168900,2021-11-19-23:34:32.3270985-05:00
1412,170312,2021-11-19-23:34:32.3270998-05:00
96,170408,2021-11-19-23:34:32.3271011-05:00
1392,171800,2021-11-19-23:34:32.3271023-05:00
166,171966,2021-11-19-23:34:32.3271035-05:00
546,172512,2021-11-19-23:34:32.3271048-05:00
1248,173760,2021-11-19-23:34:32.3271060-05:00
1303,175063,2021-11-19-23:34:32.3271073-05:00
1743,176806,2021-11-19-23:34:32.3271085-05:00
435,177241,2021-11-19-23:34:32.3271097-05:00
1770,179011,2021-11-19-23:34:32.3271109-05:00
1204,180215,2021-11-19-23:34:32.3271121-05:00
1343,181558,2021-11-19-23:34:32.3271133-05:00
1156,182714,2021-11-19-23:34:32.3271145-05:00
293,183007,2021-11-19-23:34:32.3271157-05:00
715,183722,2021-11-19-23:34:32.3271169-05:00
1950,185672,2021-11-19-23:34:32.3271181-05:00
10,185682,2021-11-19-23:34:32.3271193-05:00
1909,187591,2021-11-19-23:34:32.3271206-05:00
1980,189571,2021-11-19-23:34:32.3271218-05:00
1314,190885,2021-11-19-23:34:32.3271230-05:00
708,191593,2021-11-19-23:34:32.3271242-05:00
1779,193372,2021-11-19-23:34:32.3271253-05:00
1031,194403,2021-11-19-23:34:32.3271265-05:00
1107,195510,2021-11-19-23:34:32.3271277-05:00
38,195548,2021-11-19-23:34:32.3271289-05:00
142,195690,2021-11-19-23:34:32.3271301-05:00
807,196497,2021-11-19-23:34:32.3271313-05:00
1879,198376,2021-11-19-23:34:32.3271369-05:00
41,198417,2021-11-19-23:34:32.3271387-05:00
1372,199789,2021-11-19-23:34:32.3271401-05:00
1555,201344,2021-11-19-23:34:32.3271415-05:00
99,201443,2021-11-19-23:34:32.3271428-05:00
1682,203125,2021-11-19-23:34:32.3271441-05:00
528,203653,2021-11-19-23:34:32.3271453-05:00
659,204312,2021-11-19-23:34:32.3271466-05:00
1528,205840,2021-11-19-23:34:32.3271479-05:00
1555,207395,2021-11-19-23:34:32.3271491-05:00
1025,208420,2021-11-19-23:34:32.3271504-05:00
1925,210345,2021-11-19-23:34:32.3271516-05:00
1405,211750,2021-11-19-23:34:32.3271528-05:00
76,211826,2021-11-19-23:34:32.3271541-05:00
502,212328,2021-11-19-23:34:32.3271553-05:00
1424,213752,2021-11-19-23:34:32.3271565-05:00
1048,214800,2021-11-19-23:34:32.3271577-05:00
99,214899,2021-11-19-23:34:32.3271590-05:00
213,215112,2021-11-19-23:34:32.3271602-05:00
585,215697,2021-11-19-23:34:32.3271615-05:00
893,216590,2021-11-19-23:34:32.3271627-05:00
1112,217702,2021-11-19-23:34:32.3271639-05:00
749,218451,2021-11-19-23:34:32.3271652-05:00
1443,219894,2021-11-19-23:34:32.3271664-05:00
263,220157,2021-11-19-23:34:32.3271677-05:00
1355,221512,2021-11-19-23:34:32.3271690-05:00
1492,223004,2021-11-19-23:34:32.3271702-05:00
42,223046,2021-11-19-23:34:32.3271714-05:00
1632,224678,2021-11-19-23:34:32.3271726-05:00
1064,225742,2021-11-19-23:34:32.3271738-05:00
285,226027,2021-11-19-23:34:32.3271750-05:00
128,226155,2021-11-19-23:34:32.3271763-05:00
404,226559,2021-11-19-23:34:32.3271775-05:00
442,227001,2021-11-19-23:34:32.3271790-05:00
1423,228424,2021-11-19-23:34:32.3271804-05:00
1703,230127,2021-11-19-23:34:32.3271882-05:00
1062,231189,2021-11-19-23:34:32.3271904-05:00
216,231405,2021-11-19-23:34:32.3271918-05:00
1105,232510,2021-11-19-23:34:32.3271932-05:00
1661,234171,2021-11-19-23:34:32.3271945-05:00
628,234799,2021-11-19-23:34:32.3271957-05:00
1634,236433,2021-11-19-23:34:32.3271970-05:00
1186,237619,2021-11-19-23:34:32.3271982-05:00
395,238014,2021-11-19-23:34:32.3271995-05:00
985,238999,2021-11-19-23:34:32.3272007-05:00
1984,240983,2021-11-19-23:34:32.3272018-05:00
576,241559,2021-11-19-23:34:32.3272030-05:00
1238,242797,2021-11-19-23:34:32.3272042-05:00
206,243003,2021-11-19-23:34:32.3272054-05:00
355,243358,2021-11-19-23:34:32.3272066-05:00
1983,245341,2021-11-19-23:34:32.3272078-05:00
1009,246350,2021-11-19-23:34:32.3272090-05:00
1825,248175,2021-11-19-23:34:32.3272102-05:00
1557,249732,2021-11-19-23:34:32.3272179-05:00
1914,251646,2021-11-19-23:34:32.3272198-05:00
768,252414,2021-11-19-23:34:32.3272213-05:00
1292,253706,2021-11-19-23:34:32.3272226-05:00
1929,255635,2021-11-19-23:34:32.3272239-05:00
1292,256927,2021-11-19-23:34:32.3272252-05:00
743,257670,2021-11-19-23:34:32.3272264-05:00
190,257860,2021-11-19-23:34:32.3272277-05:00
487,258347,2021-11-19-23:34:32.3272289-05:00
1026,259373,2021-11-19-23:34:32.3272302-05:00
464,259837,2021-11-19-23:34:32.3272314-05:00
1270,261107,2021-11-19-23:34:32.3272327-05:00
898,262005,2021-11-19-23:34:32.3272339-05:00
1521,263526,2021-11-19-23:34:32.3272351-05:00
964,264490,2021-11-19-23:34:32.3272363-05:00
652,265142,2021-11-19-23:34:32.3272376-05:00
799,265941,2021-11-19-23:34:32.3272388-05:00
363,266304,2021-11-19-23:34:32.3272400-05:00
832,267136,2021-11-19-23:34:32.3272412-05:00
993,268129,2021-11-19-23:34:32.3272424-05:00
551,268680,2021-11-19-23:34:32.3272436-05:00
1956,270636,2021-11-19-23:34:32.3272448-05:00
1258,271894,2021-11-19-23:34:32.3272460-05:00
1925,273819,2021-11-19-23:34:32.3272472-05:00
354,274173,2021-11-19-23:34:32.3272484-05:00
459,274632,2021-11-19-23:34:32.3272497-05:00
278,274910,2021-11-19-23:34:32.3272509-05:00
780,275690,2021-11-19-23:34:32.3272521-05:00
255,275945,2021-11-19-23:34:32.3272533-05:00
1836,277781,2021-11-19-23:34:32.3272545-05:00
1277,279058,2021-11-19-23:34:32.3272558-05:00
1081,280139,2021-11-19-23:34:32.3272570-05:00
1276,281415,2021-11-19-23:34:32.3272582-05:00
302,281717,2021-11-19-23:34:32.3272639-05:00
847,282564,2021-11-19-23:34:32.3272658-05:00
527,283091,2021-11-19-23:34:32.3272672-05:00
655,283746,2021-11-19-23:34:32.3272685-05:00
411,284157,2021-11-19-23:34:32.3272698-05:00
1132,285289,2021-11-19-23:34:32.3272711-05:00
923,286212,2021-11-19-23:34:32.3272744-05:00
362,286574,2021-11-19-23:34:32.3272761-05:00
1471,288045,2021-11-19-23:34:32.3272774-05:00
142,288187,2021-11-19-23:34:32.3272787-05:00
609,288796,2021-11-19-23:34:32.3272799-05:00
722,289518,2021-11-19-23:34:32.3272812-05:00
1125,290643,2021-11-19-23:34:32.3272824-05:00
87,290730,2021-11-19-23:34:32.3272837-05:00
463,291193,2021-11-19-23:34:32.3272849-05:00
1611,292804,2021-11-19-23:34:32.3272861-05:00
586,293390,2021-11-19-23:34:32.3272874-05:00
1406,294796,2021-11-19-23:34:32.3272886-05:00
1992,296788,2021-11-19-23:34:32.3272899-05:00
1151,297939,2021-11-19-23:34:32.3272911-05:00
16,297955,2021-11-19-23:34:32.3272923-05:00
1275,299230,2021-11-19-23:34:32.3272935-05:00
1600,300830,2021-11-19-23:34:32.3272947-05:00
656,301486,2021-11-19-23:34:32.3272960-05:00
842,302328,2021-11-19-23:34:32.3272972-05:00
938,303266,2021-11-19-23:34:32.3272984-05:00
1471,304737,2021-11-19-23:34:32.3272996-05:00
1014,305751,2021-11-19-23:34:32.3273009-05:00
1963,307714,2021-11-19-23:34:32.3273021-05:00
1935,309649,2021-11-19-23:34:32.3273033-05:00
650,310299,2021-11-19-23:34:32.3273045-05:00
1748,312047,2021-11-19-23:34:32.3273057-05:00
1382,313429,2021-11-19-23:34:32.3273070-05:00
1993,315422,2021-11-19-23:34:32.3273127-05:00
597,316019,2021-11-19-23:34:32.3273146-05:00
675,316694,2021-11-19-23:34:32.3273161-05:00
437,317131,2021-11-19-23:34:32.3273174-05:00
1997,319128,2021-11-19-23:34:32.3273186-05:00
389,319517,2021-11-19-23:34:32.3273199-05:00
1231,320748,2021-11-19-23:34:32.3273211-05:00
1909,322657,2021-11-19-23:34:32.3273223-05:00
631,323288,2021-11-19-23:34:32.3273235-05:00
1080,324368,2021-11-19-23:34:32.3273248-05:00
1815,326183,2021-11-19-23:34:32.3273260-05:00
650,326833,2021-11-19-23:34:32.3273272-05:00
1204,328037,2021-11-19-23:34:32.3273284-05:00
1228,329265,2021-11-19-23:34:32.3273296-05:00
372,329637,2021-11-19-23:34:32.3273309-05:00
1815,331452,2021-11-19-23:34:32.3273321-05:00
1168,332620,2021-11-19-23:34:32.3273335-05:00
1668,334288,2021-11-19-23:34:32.3273366-05:00
430,334718,2021-11-19-23:34:32.3273383-05:00
1285,336003,2021-11-19-23:34:32.3273397-05:00
1930,337933,2021-11-19-23:34:32.3273410-05:00
1261,339194,2021-11-19-23:34:32.3273422-05:00
1027,340221,2021-11-19-23:34:32.3273434-05:00
1246,341467,2021-11-19-23:34:32.3273446-05:00
1870,343337,2021-11-19-23:34:32.3273459-05:00
1813,345150,2021-11-19-23:34:32.3273471-05:00
1473,346623,2021-11-19-23:34:32.3273483-05:00
1660,348283,2021-11-19-23:34:32.3273495-05:00
1908,350191,2021-11-19-23:34:32.3273507-05:00
399,350590,2021-11-19-23:34:32.3273519-05:00
1536,352126,2021-11-19-23:34:32.3273532-05:00
1491,353617,2021-11-19-23:34:32.3273544-05:00
860,354477,2021-11-19-23:34:32.3273556-05:00
1339,355816,2021-11-19-23:34:32.3273616-05:00
1131,356947,2021-11-19-23:34:32.3273634-05:00
1490,358437,2021-11-19-23:34:32.3273648-05:00
1787,360224,2021-11-19-23:34:32.3273661-05:00
1175,361399,2021-11-19-23:34:32.3273674-05:00
589,361988,2021-11-19-23:34:32.3273687-05:00
1018,363006,2021-11-19-23:34:32.3273700-05:00
762,363768,2021-11-19-23:34:32.3273713-05:00
1241,365009,2021-11-19-23:34:32.3273726-05:00
1384,366393,2021-11-19-23:34:32.3273738-05:00
195,366588,2021-11-19-23:34:32.3273751-05:00
1785,368373,2021-11-19-23:34:32.3273764-05:00
7,368380,2021-11-19-23:34:32.3273777-05:00
1638,370018,2021-11-19-23:34:32.3273789-05:00
1709,371727,2021-11-19-23:34:32.3273802-05:00
1099,372826,2021-11-19-23:34:32.3273815-05:00
1199,374025,2021-11-19-23:34:32.3273828-05:00
796,374821,2021-11-19-23:34:32.3273841-05:00
267,375088,2021-11-19-23:34:32.3273854-05:00
220,375308,2021-11-19-23:34:32.3273867-05:00
464,375772,2021-11-19-23:34:32.3273880-05:00
1452,377224,2021-11-19-23:34:32.3273892-05:00
733,377957,2021-11-19-23:34:32.3273905-05:00
1570,379527,2021-11-19-23:34:32.3273917-05:00
1429,380956,2021-11-19-23:34:32.3273929-05:00
566,381522,2021-11-19-23:34:32.3273942-05:00
184,381706,2021-11-19-23:34:32.3273954-05:00
916,382622,2021-11-19-23:34:32.3273985-05:00
1570,384192,2021-11-19-23:34:32.3274003-05:00
1,384193,2021-11-19-23:34:32.3274016-05:00
233,384426,2021-11-19-23:34:32.3274029-05:00
1543,385969,2021-11-19-23:34:32.3274042-05:00
324,386293,2021-11-19-23:34:32.3274054-05:00
1790,388083,2021-11-19-23:34:32.3274113-05:00
1864,389947,2021-11-19-23:34:32.3274131-05:00
98,390045,2021-11-19-23:34:32.3274145-05:00
882,390927,2021-11-19-23:34:32.3274159-05:00
28,390955,2021-11-19-23:34:32.3274172-05:00
1993,392948,2021-11-19-23:34:32.3274184-05:00
1079,394027,2021-11-19-23:34:32.3274196-05:00
1412,395439,2021-11-19-23:34:32.3274208-05:00
524,395963,2021-11-19-23:34:32.3274220-05:00
690,396653,2021-11-19-23:34:32.3274232-05:00
1876,398529,2021-11-19-23:34:32.3274244-05:00
832,399361,2021-11-19-23:34:32.3274257-05:00
1461,400822,2021-11-19-23:34:32.3274269-05:00
1864,402686,2021-11-19-23:34:32.3274281-05:00
175,402861,2021-11-19-23:34:32.3274294-05:00
1763,404624,2021-11-19-23:34:32.3274306-05:00
561,405185,2021-11-19-23:34:32.3274318-05:00
710,405895,2021-11-19-23:34:32.3274330-05:00
1603,407498,2021-11-19-23:34:32.3274343-05:00
1270,408768,2021-11-19-23:34:32.3274355-05:00
1272,410040,2021-11-19-23:34:32.3274367-05:00
396,410436,2021-11-19-23:34:32.3274379-05:00
1887,412323,2021-11-19-23:34:32.3274391-05:00
399,412722,2021-11-19-23:34:32.3274403-05:00
1920,414642,2021-11-19-23:34:32.3274415-05:00
359,415001,2021-11-19-23:34:32.3274427-05:00
609,415610,2021-11-19-23:34:32.3274439-05:00
405,416015,2021-11-19-23:34:32.3274451-05:00
103,416118,2021-11-19-23:34:32.3274462-05:00
1191,417309,2021-11-19-23:34:32.3274474-05:00
1241,418550,2021-11-19-23:34:32.3274486-05:00
1152,419702,2021-11-19-23:34:32.3274498-05:00
652,420354,2021-11-19-23:34:32.3274510-05:00
1461,421815,2021-11-19-23:34:32.3274526-05:00
217,422032,2021-11-19-23:34:32.3274540-05:00
1774,423806,2021-11-19-23:34:32.3274552-05:00
1612,425418,2021-11-19-23:34:32.3274564-05:00
218,425636,2021-11-19-23:34:32.3274576-05:00
1171,426807,2021-11-19-23:34:32.3274588-05:00
803,427610,2021-11-19-23:34:32.3274600-05:00
1187,428797,2021-11-19-23:34:32.3274698-05:00
808,429605,2021-11-19-23:34:32.3274722-05:00
1939,431544,2021-11-19-23:34:32.3274737-05:00
762,432306,2021-11-19-23:34:32.3274750-05:00
856,433162,2021-11-19-23:34:32.3274763-05:00
738,433900,2021-11-19-23:34:32.3274775-05:00
1967,435867,2021-11-19-23:34:32.3274787-05:00
701,436568,2021-11-19-23:34:32.3274799-05:00
10,436578,2021-11-19-23:34:32.3274812-05:00
1152,437730,2021-11-19-23:34:32.3274824-05:00
1009,438739,2021-11-19-23:34:32.3274836-05:00
1291,440030,2021-11-19-23:34:32.3274848-05:00
630,440660,2021-11-19-23:34:32.3274860-05:00
274,440934,2021-11-19-23:34:32.3274872-05:00
1052,441986,2021-11-19-23:34:32.3274884-05:00
1394,443380,2021-11-19-23:34:32.3274897-05:00
1976,445356,2021-11-19-23:34:32.3274909-05:00
1698,447054,2021-11-19-23:34:32.3274921-05:00
961,448015,2021-11-19-23:34:32.3274933-05:00
1668,449683,2021-11-19-23:34:32.3274945-05:00
1384,451067,2021-11-19-23:34:32.3274957-05:00
674,451741,2021-11-19-23:34:32.3274969-05:00
1310,453051,2021-11-19-23:34:32.3275001-05:00
1332,454383,2021-11-19-23:34:32.3275019-05:00
1448,455831,2021-11-19-23:34:32.3275032-05:00
725,456556,2021-11-19-23:34:32.3275045-05:00
180,456736,2021-11-19-23:34:32.3275057-05:00
1999,458735,2021-11-19-23:34:32.3275070-05:00
1648,460383,2021-11-19-23:34:32.3275082-05:00
401,460784,2021-11-19-23:34:32.3275094-05:00
151,460935,2021-11-19-23:34:32.3275106-05:00
344,461279,2021-11-19-23:34:32.3275118-05:00
1538,462817,2021-11-19-23:34:32.3275131-05:00
801,463618,2021-11-19-23:34:32.3275191-05:00
83,463701,2021-11-19-23:34:32.3275209-05:00
464,464165,2021-11-19-23:34:32.3275223-05:00
456,464621,2021-11-19-23:34:32.3275236-05:00
1125,465746,2021-11-19-23:34:32.3275249-05:00
1543,467289,2021-11-19-23:34:32.3275262-05:00
1182,468471,2021-11-19-23:34:32.3275274-05:00
391,468862,2021-11-19-23:34:32.3275287-05:00
1908,470770,2021-11-19-23:34:32.3275300-05:00
396,471166,2021-11-19-23:34:32.3275312-05:00
950,472116,2021-11-19-23:34:32.3275325-05:00
183,472299,2021-11-19-23:34:32.3275337-05:00
1950,474249,2021-11-19-23:34:32.3275349-05:00
522,474771,2021-11-19-23:34:32.3275361-05:00
379,475150,2021-11-19-23:34:32.3275373-05:00
410,475560,2021-11-19-23:34:32.3275385-05:00
822,476382,2021-11-19-23:34:32.3275398-05:00
1797,478179,2021-11-19-23:34:32.3275410-05:00
1914,480093,2021-11-19-23:34:32.3275422-05:00
1257,481350,2021-11-19-23:34:32.3275434-05:00
1502,482852,2021-11-19-23:34:32.3275447-05:00
1418,484270,2021-11-19-23:34:32.3275459-05:00
513,484783,2021-11-19-23:34:32.3275472-05:00
1497,486280,2021-11-19-23:34:32.3275484-05:00
608,486888,2021-11-19-23:34:32.3275496-05:00
1314,488202,2021-11-19-23:34:32.3275508-05:00
132,488334,2021-11-19-23:34:32.3275520-05:00
559,488893,2021-11-19-23:34:32.3275532-05:00
1968,490861,2021-11-19-23:34:32.3275544-05:00
1053,491914,2021-11-19-23:34:32.3275556-05:00
1608,493522,2021-11-19-23:34:32.3275568-05:00
1002,494524,2021-11-19-23:34:32.3275580-05:00
666,495190,2021-11-19-23:34:32.3275592-05:00
1752,496942,2021-11-19-23:34:32.3275668-05:00
1829,498771,2021-11-19-23:34:32.3275686-05:00
191,498962,2021-11-19-23:34:32.3275700-05:00
588,499550,2021-11-19-23:34:32.3275713-05:00
938,500488,2021-11-19-23:34:32.3275726-05:00
851,501339,2021-11-19-23:34:32.3275738-05:00
156,501495,2021-11-19-23:34:32.3275751-05:00
1779,503274,2021-11-19-23:34:32.3275763-05:00
1278,504552,2021-11-19-23:34:32.3275775-05:00
1476,506028,2021-11-19-23:34:32.3275787-05:00
279,506307,2021-11-19-23:34:32.3275800-05:00
360,506667,2021-11-19-23:34:32.3275812-05:00
1150,507817,2021-11-19-23:34:32.3275824-05:00
1498,509315,2021-11-19-23:34:32.3275837-05:00
203,509518,2021-11-19-23:34:32.3275849-05:00
1800,511318,2021-11-19-23:34:32.3275861-05:00
1590,512908,2021-11-19-23:34:32.3275873-05:00
826,513734,2021-11-19-23:34:32.3275886-05:00
603,514337,2021-11-19-23:34:32.3275898-05:00
237,514574,2021-11-19-23:34:32.3275910-05:00
1086,515660,2021-11-19-23:34:32.3275923-05:00
36,515696,2021-11-19-23:34:32.3275935-05:00
1382,517078,2021-11-19-23:34:32.3275947-05:00
1569,518647,2021-11-19-23:34:32.3275959-05:00
967,519614,2021-11-19-23:34:32.3275971-05:00
1848,521462,2021-11-19-23:34:32.3275983-05:00
1811,523273,2021-11-19-23:34:32.3275995-05:00
1411,524684,2021-11-19-23:34:32.3276007-05:00
624,525308,2021-11-19-23:34:32.3276019-05:00
423,525731,2021-11-19-23:34:32.3276031-05:00
855,526586,2021-11-19-23:34:32.3276043-05:00
788,527374,2021-11-19-23:34:32.3276055-05:00
1948,529322,2021-11-19-23:34:32.3276067-05:00
1516,530838,2021-11-19-23:34:32.3276125-05:00
198,531036,2021-11-19-23:34:32.3276144-05:00
693,531729,2021-11-19-23:34:32.3276158-05:00
188,531917,2021-11-19-23:34:32.3276172-05:00
1821,533738,2021-11-19-23:34:32.3276185-05:00
1884,535622,2021-11-19-23:34:32.3276198-05:00
946,536568,2021-11-19-23:34:32.3276211-05:00
1759,538327,2021-11-19-23:34:32.3276224-05:00
1478,539805,2021-11-19-23:34:32.3276238-05:00
225,540030,2021-11-19-23:34:32.3276251-05:00
1942,541972,2021-11-19-23:34:32.3276264-05:00
235,542207,2021-11-19-23:34:32.3276296-05:00
1138,543345,2021-11-19-23:34:32.3276313-05:00
1457,544802,2021-11-19-23:34:32.3276327-05:00
1815,546617,2021-11-19-23:34:32.3276339-05:00
1928,548545,2021-11-19-23:34:32.3276351-05:00
758,549303,2021-11-19-23:34:32.3276363-05:00
379,549682,2021-11-19-23:34:32.3276375-05:00
227,549909,2021-11-19-23:34:32.3276387-05:00
1005,550914,2021-11-19-23:34:32.3276399-05:00
766,551680,2021-11-19-23:34:32.3276411-05:00
1579,553259,2021-11-19-23:34:32.3276423-05:00
1717,554976,2021-11-19-23:34:32.3276435-05:00
447,555423,2021-11-19-23:34:32.3276447-05:00
622,556045,2021-11-19-23:34:32.3276459-05:00
1621,557666,2021-11-19-23:34:32.3276471-05:00
1089,558755,2021-11-19-23:34:32.3276483-05:00
1040,559795,2021-11-19-23:34:32.3276494-05:00
744,560539,2021-11-19-23:34:32.3276506-05:00
1156,561695,2021-11-19-23:34:32.3276518-05:00
855,562550,2021-11-19-23:34:32.3276530-05:00
621,563171,2021-11-19-23:34:32.3276542-05:00
1490,564661,2021-11-19-23:34:32.3276554-05:00
412,565073,2021-11-19-23:34:32.3276612-05:00
1633,566706,2021-11-19-23:34:32.3276630-05:00
1300,568006,2021-11-19-23:34:32.3276645-05:00
1510,569516,2021-11-19-23:34:32.3276658-05:00
1613,571129,2021-11-19-23:34:32.3276671-05:00
1768,572897,2021-11-19-23:34:32.3276683-05:00
942,573839,2021-11-19-23:34:32.3276696-05:00
1657,575496,2021-11-19-23:34:32.3276708-05:00
477,575973,2021-11-19-23:34:32.3276720-05:00
1608,577581,2021-11-19-23:34:32.3276733-05:00
1810,579391,2021-11-19-23:34:32.3276745-05:00
1439,580830,2021-11-19-23:34:32.3276757-05:00
1334,582164,2021-11-19-23:34:32.3276770-05:00
1828,583992,2021-11-19-23:34:32.3276782-05:00
392,584384,2021-11-19-23:34:32.3276794-05:00
1995,586379,2021-11-19-23:34:32.3276807-05:00
1483,587862,2021-11-19-23:34:32.3276819-05:00
1865,589727,2021-11-19-23:34:32.3276832-05:00
45,589772,2021-11-19-23:34:32.3276844-05:00
628,590400,2021-11-19-23:34:32.3276856-05:00
1782,592182,2021-11-19-23:34:32.3276868-05:00
1183,593365,2021-11-19-23:34:32.3276880-05:00
1937,595302,2021-11-19-23:34:32.3276892-05:00
481,595783,2021-11-19-23:34:32.3276904-05:00
246,596029,2021-11-19-23:34:32.3276916-05:00
1565,597594,2021-11-19-23:34:32.3276928-05:00
201,597795,2021-11-19-23:34:32.3276940-05:00
795,598590,2021-11-19-23:34:32.3276952-05:00
1905,600495,2021-11-19-23:34:32.3276964-05:00
1015,601510,2021-11-19-23:34:32.3276976-05:00
322,601832,2021-11-19-23:34:32.3276988-05:00
1369,603201,2021-11-19-23:34:32.3277000-05:00
1322,604523,2021-11-19-23:34:32.3277013-05:00
745,605268,2021-11-19-23:34:32.3277072-05:00
726,605994,2021-11-19-23:34:32.3277090-05:00
1823,607817,2021-11-19-23:34:32.3277104-05:00
516,608333,2021-11-19-23:34:32.3277118-05:00
419,608752,2021-11-19-23:34:32.3277131-05:00
1144,609896,2021-11-19-23:34:32.3277143-05:00
610,610506,2021-11-19-23:34:32.3277156-05:00
1285,611791,2021-11-19-23:34:32.3277253-05:00
1348,613139,2021-11-19-23:34:32.3277277-05:00
289,613428,2021-11-19-23:34:32.3277291-05:00
1970,615398,2021-11-19-23:34:32.3277304-05:00
1906,617304,2021-11-19-23:34:32.3277317-05:00
1008,618312,2021-11-19-23:34:32.3277330-05:00
1288,619600,2021-11-19-23:34:32.3277342-05:00
1792,621392,2021-11-19-23:34:32.3277355-05:00
698,622090,2021-11-19-23:34:32.3277367-05:00
1045,623135,2021-11-19-23:34:32.3277380-05:00
1260,624395,2021-11-19-23:34:32.3277393-05:00
1290,625685,2021-11-19-23:34:32.3277405-05:00
811,626496,2021-11-19-23:34:32.3277417-05:00
1992,628488,2021-11-19-23:34:32.3277430-05:00
1708,630196,2021-11-19-23:34:32.3277442-05:00
1229,631425,2021-11-19-23:34:32.3277454-05:00
1696,633121,2021-11-19-23:34:32.3277466-05:00
820,633941,2021-11-19-23:34:32.3277478-05:00
1264,635205,2021-11-19-23:34:32.3277491-05:00
48,635253,2021-11-19-23:34:32.3277503-05:00
1567,636820,2021-11-19-23:34:32.3277515-05:00
147,636967,2021-11-19-23:34:32.3277527-05:00
1751,638718,2021-11-19-23:34:32.3277539-05:00
1461,640179,2021-11-19-23:34:32.3277552-05:00
1286,641465,2021-11-19-23:34:32.3277564-05:00
441,641906,2021-11-19-23:34:32.3277586-05:00
118,642024,2021-11-19-23:34:32.3277639-05:00
590,642614,2021-11-19-23:34:32.3277690-05:00
1103,643717,2021-11-19-23:34:32.3277707-05:00
568,644285,2021-11-19-23:34:32.3277719-05:00
1480,645765,2021-11-19-23:34:32.3277732-05:00
1065,646830,2021-11-19-23:34:32.3277744-05:00
721,647551,2021-11-19-23:34:32.3277852-05:00
1434,648985,2021-11-19-23:34:32.3277926-05:00
1343,650328,2021-11-19-23:34:32.3277947-05:00
435,650763,2021-11-19-23:34:32.3277962-05:00
894,651657,2021-11-19-23:34:32.3277977-05:00
1966,653623,2021-11-19-23:34:32.3277991-05:00
574,654197,2021-11-19-23:34:32.3278004-05:00
1238,655435,2021-11-19-23:34:32.3278018-05:00
278,655713,2021-11-19-23:34:32.3278032-05:00
408,656121,2021-11-19-23:34:32.3278046-05:00
98,656219,2021-11-19-23:34:32.3278148-05:00
861,657080,2021-11-19-23:34:32.3278170-05:00
1755,658835,2021-11-19-23:34:32.3278183-05:00
1032,659867,2021-11-19-23:34:32.3278196-05:00
559,660426,2021-11-19-23:34:32.3278209-05:00
1329,661755,2021-11-19-23:34:32.3278222-05:00
1037,662792,2021-11-19-23:34:32.3278235-05:00
1497,664289,2021-11-19-23:34:32.3278248-05:00
128,664417,2021-11-19-23:34:32.3278261-05:00
1695,666112,2021-11-19-23:34:32.3278274-05:00
1154,667266,2021-11-19-23:34:32.3278383-05:00
1097,668363,2021-11-19-23:34:32.3278398-05:00
1043,669406,2021-11-19-23:34:32.3278412-05:00
1138,670544,2021-11-19-23:34:32.3278425-05:00
1596,672140,2021-11-19-23:34:32.3278439-05:00
827,672967,2021-11-19-23:34:32.3278452-05:00
685,673652,2021-11-19-23:34:32.3278466-05:00
1466,675118,2021-11-19-23:34:32.3278480-05:00
891,676009,2021-11-19-23:34:32.3278493-05:00
699,676708,2021-11-19-23:34:32.3278507-05:00
690,677398,2021-11-19-23:34:32.3278520-05:00
130,677528,2021-11-19-23:34:32.3278533-05:00
1564,679092,2021-11-19-23:34:32.3278547-05:00
196,679288,2021-11-19-23:34:32.3278560-05:00
569,679857,2021-11-19-23:34:32.3278715-05:00
1377,681234,2021-11-19-23:34:32.3278739-05:00
650,681884,2021-11-19-23:34:32.3278754-05:00
1273,683157,2021-11-19-23:34:32.3278769-05:00
335,683492,2021-11-19-23:34:32.3278782-05:00
1729,685221,2021-11-19-23:34:32.3278796-05:00
247,685468,2021-11-19-23:34:32.3278809-05:00
27,685495,2021-11-19-23:34:32.3278823-05:00
1770,687265,2021-11-19-23:34:32.3278837-05:00
1159,688424,2021-11-19-23:34:32.3278850-05:00
50,688474,2021-11-19-23:34:32.3278864-05:00
890,689364,2021-11-19-23:34:32.3278877-05:00
1706,691070,2021-11-19-23:34:32.3278891-05:00
255,691325,2021-11-19-23:34:32.3278904-05:00
1882,693207,2021-11-19-23:34:32.3278918-05:00
788,693995,2021-11-19-23:34:32.3278931-05:00
1553,695548,2021-11-19-23:34:32.3278944-05:00
1605,697153,2021-11-19-23:34:32.3278958-05:00
440,697593,2021-11-19-23:34:32.3278971-05:00
1785,699378,2021-11-19-23:34:32.3278984-05:00
1911,701289,2021-11-19-23:34:32.3278998-05:00
1624,702913,2021-11-19-23:34:32.3279011-05:00
392,703305,2021-11-19-23:34:32.3279024-05:00
205,703510,2021-11-19-23:34:32.3279038-05:00
838,704348,2021-11-19-23:34:32.3279051-05:00
67,704415,2021-11-19-23:34:32.3279065-05:00
1282,705697,2021-11-19-23:34:32.3279078-05:00
1108,706805,2021-11-19-23:34:32.3279112-05:00
347,707152,2021-11-19-23:34:32.3279129-05:00
1578,708730,2021-11-19-23:34:32.3279144-05:00
1718,710448,2021-11-19-23:34:32.3279157-05:00
1967,712415,2021-11-19-23:34:32.3279169-05:00
1297,713712,2021-11-19-23:34:32.3279182-05:00
1560,715272,2021-11-19-23:34:32.3279242-05:00
463,715735,2021-11-19-23:34:32.3279261-05:00
1181,716916,2021-11-19-23:34:32.3279276-05:00
679,717595,2021-11-19-23:34:32.3279290-05:00
1763,719358,2021-11-19-23:34:32.3279303-05:00
1162,720520,2021-11-19-23:34:32.3279317-05:00
398,720918,2021-11-19-23:34:32.3279330-05:00
1448,722366,2021-11-19-23:34:32.3279344-05:00
1127,723493,2021-11-19-23:34:32.3279357-05:00
1326,724819,2021-11-19-23:34:32.3279370-05:00
1883,726702,2021-11-19-23:34:32.3279383-05:00
1089,727791,2021-11-19-23:34:32.3279396-05:00
707,728498,2021-11-19-23:34:32.3279409-05:00
1121,729619,2021-11-19-23:34:32.3279422-05:00
430,730049,2021-11-19-23:34:32.3279435-05:00
1583,731632,2021-11-19-23:34:32.3279448-05:00
103,731735,2021-11-19-23:34:32.3279554-05:00
1146,732881,2021-11-19-23:34:32.3279570-05:00
1084,733965,2021-11-19-23:34:32.3279582-05:00
1689,735654,2021-11-19-23:34:32.3279595-05:00
1779,737433,2021-11-19-23:34:32.3279608-05:00
285,737718,2021-11-19-23:34:32.3279621-05:00
945,738663,2021-11-19-23:34:32.3279634-05:00
986,739649,2021-11-19-23:34:32.3279647-05:00
445,740094,2021-11-19-23:34:32.3279660-05:00
435,740529,2021-11-19-23:34:32.3279673-05:00
268,740797,2021-11-19-23:34:32.3279685-05:00
448,741245,2021-11-19-23:34:32.3279698-05:00
1139,742384,2021-11-19-23:34:32.3279711-05:00
1679,744063,2021-11-19-23:34:32.3279724-05:00
192,744255,2021-11-19-23:34:32.3279737-05:00
1441,745696,2021-11-19-23:34:32.3279750-05:00
82,745778,2021-11-19-23:34:32.3279763-05:00
1593,747371,2021-11-19-23:34:32.3279918-05:00
147,747518,2021-11-19-23:34:32.3279942-05:00
1791,749309,2021-11-19-23:34:32.3279957-05:00
701,750010,2021-11-19-23:34:32.3279971-05:00
109,750119,2021-11-19-23:34:32.3279984-05:00
1789,751908,2021-11-19-23:34:32.3279997-05:00
444,752352,2021-11-19-23:34:32.3280011-05:00
42,752394,2021-11-19-23:34:32.3280024-05:00
337,752731,2021-11-19-23:34:32.3280037-05:00
784,753515,2021-11-19-23:34:32.3280049-05:00
298,753813,2021-11-19-23:34:32.3280062-05:00
509,754322,2021-11-19-23:34:32.3280075-05:00
1116,755438,2021-11-19-23:34:32.3280088-05:00
132,755570,2021-11-19-23:34:32.3280101-05:00
946,756516,2021-11-19-23:34:32.3280114-05:00
852,757368,2021-11-19-23:34:32.3280127-05:00
1524,758892,2021-11-19-23:34:32.3280139-05:00
244,759136,2021-11-19-23:34:32.3280152-05:00
433,759569,2021-11-19-23:34:32.3280164-05:00
634,760203,2021-11-19-23:34:32.3280177-05:00
279,760482,2021-11-19-23:34:32.3280189-05:00
1517,761999,2021-11-19-23:34:32.3280201-05:00
1275,763274,2021-11-19-23:34:32.3280214-05:00
1518,764792,2021-11-19-23:34:32.3280333-05:00
196,764988,2021-11-19-23:34:32.3280348-05:00
235,765223,2021-11-19-23:34:32.3280361-05:00
1328,766551,2021-11-19-23:34:32.3280374-05:00
894,767445,2021-11-19-23:34:32.3280387-05:00
1950,769395,2021-11-19-23:34:32.3280401-05:00
309,769704,2021-11-19-23:34:32.3280414-05:00
1447,771151,2021-11-19-23:34:32.3280427-05:00
1135,772286,2021-11-19-23:34:32.3280439-05:00
442,772728,2021-11-19-23:34:32.3280548-05:00
1008,773736,2021-11-19-23:34:32.3280614-05:00
1113,774849,2021-11-19-23:34:32.3280632-05:00
974,775823,2021-11-19-23:34:32.3280646-05:00
639,776462,2021-11-19-23:34:32.3280660-05:00
883,777345,2021-11-19-23:34:32.3280673-05:00
1993,779338,2021-11-19-23:34:32.3280686-05:00
1356,780694,2021-11-19-23:34:32.3280698-05:00
641,781335,2021-11-19-23:34:32.3280807-05:00
1647,782982,2021-11-19-23:34:32.3280830-05:00
1442,784424,2021-11-19-23:34:32.3280846-05:00
1501,785925,2021-11-19-23:34:32.3280860-05:00
647,786572,2021-11-19-23:34:32.3280874-05:00
477,787049,2021-11-19-23:34:32.3280888-05:00
1329,788378,2021-11-19-23:34:32.3280901-05:00
304,788682,2021-11-19-23:34:32.3280915-05:00
1321,790003,2021-11-19-23:34:32.3280928-05:00
1595,791598,2021-11-19-23:34:32.3280942-05:00
1615,793213,2021-11-19-23:34:32.3280955-05:00
1436,794649,2021-11-19-23:34:32.3280968-05:00
1758,796407,2021-11-19-23:34:32.3280982-05:00
807,797214,2021-11-19-23:34:32.3280995-05:00
1802,799016,2021-11-19-23:34:32.3281009-05:00
77,799093,2021-11-19-23:34:32.3281022-05:00
871,799964,2021-11-19-23:34:32.3281035-05:00
274,800238,2021-11-19-23:34:32.3281049-05:00
505,800743,2021-11-19-23:34:32.3281062-05:00
1874,802617,2021-11-19-23:34:32.3281076-05:00
461,803078,2021-11-19-23:34:32.3281089-05:00
1549,804627,2021-11-19-23:34:32.3281102-05:00
92,804719,2021-11-19-23:34:32.3281115-05:00
29,804748,2021-11-19-23:34:32.3281129-05:00
1336,806084,2021-11-19-23:34:32.3281142-05:00
1163,807247,2021-11-19-23:34:32.3281155-05:00
67,807314,2021-11-19-23:34:32.3281168-05:00
108,807422,2021-11-19-23:34:32.3281182-05:00
1019,808441,2021-11-19-23:34:32.3281195-05:00
1972,810413,2021-11-19-23:34:32.3281208-05:00
214,810627,2021-11-19-23:34:32.3281221-05:00
641,811268,2021-11-19-23:34:32.3281235-05:00
251,811519,2021-11-19-23:34:32.3281248-05:00
1076,812595,2021-11-19-23:34:32.3281309-05:00
1993,814588,2021-11-19-23:34:32.3281329-05:00
631,815219,2021-11-19-23:34:32.3281344-05:00
75,815294,2021-11-19-23:34:32.3281358-05:00
1774,817068,2021-11-19-23:34:32.3281371-05:00
871,817939,2021-11-19-23:34:32.3281383-05:00
1718,819657,2021-11-19-23:34:32.3281396-05:00
905,820562,2021-11-19-23:34:32.3281408-05:00
1025,821587,2021-11-19-23:34:32.3281421-05:00
1572,823159,2021-11-19-23:34:32.3281434-05:00
356,823515,2021-11-19-23:34:32.3281446-05:00
694,824209,2021-11-19-23:34:32.3281459-05:00
12,824221,2021-11-19-23:34:32.3281471-05:00
1376,825597,2021-11-19-23:34:32.3281483-05:00
1635,827232,2021-11-19-23:34:32.3281496-05:00
1205,828437,2021-11-19-23:34:32.3281508-05:00
1037,829474,2021-11-19-23:34:32.3281520-05:00
103,829577,2021-11-19-23:34:32.3281533-05:00
365,829942,2021-11-19-23:34:32.3281545-05:00
378,830320,2021-11-19-23:34:32.3281558-05:00
120,830440,2021-11-19-23:34:32.3281570-05:00
895,831335,2021-11-19-23:34:32.3281582-05:00
1092,832427,2021-11-19-23:34:32.3281595-05:00
1556,833983,2021-11-19-23:34:32.3281607-05:00
1414,835397,2021-11-19-23:34:32.3281620-05:00
165,835562,2021-11-19-23:34:32.3281632-05:00
1484,837046,2021-11-19-23:34:32.3281645-05:00
411,837457,2021-11-19-23:34:32.3281657-05:00
1221,838678,2021-11-19-23:34:32.3281669-05:00
1285,839963,2021-11-19-23:34:32.3281681-05:00
1349,841312,2021-11-19-23:34:32.3281694-05:00
1381,842693,2021-11-19-23:34:32.3281706-05:00
974,843667,2021-11-19-23:34:32.3281718-05:00
1185,844852,2021-11-19-23:34:32.3281778-05:00
683,845535,2021-11-19-23:34:32.3281797-05:00
813,846348,2021-11-19-23:34:32.3281813-05:00
1172,847520,2021-11-19-23:34:32.3281825-05:00
2,847522,2021-11-19-23:34:32.3281838-05:00
1096,848618,2021-11-19-23:34:32.3281851-05:00
1402,850020,2021-11-19-23:34:32.3281863-05:00
786,850806,2021-11-19-23:34:32.3281876-05:00
970,851776,2021-11-19-23:34:32.3281888-05:00
1436,853212,2021-11-19-23:34:32.3281900-05:00
1976,855188,2021-11-19-23:34:32.3281913-05:00
1735,856923,2021-11-19-23:34:32.3281945-05:00
1334,858257,2021-11-19-23:34:32.3281963-05:00
1324,859581,2021-11-19-23:34:32.3281977-05:00
1787,861368,2021-11-19-23:34:32.3281990-05:00
432,861800,2021-11-19-23:34:32.3282003-05:00
903,862703,2021-11-19-23:34:32.3282016-05:00
1981,864684,2021-11-19-23:34:32.3282029-05:00
1869,866553,2021-11-19-23:34:32.3282041-05:00
1849,868402,2021-11-19-23:34:32.3282054-05:00
263,868665,2021-11-19-23:34:32.3282066-05:00
131,868796,2021-11-19-23:34:32.3282079-05:00
181,868977,2021-11-19-23:34:32.3282091-05:00
902,869879,2021-11-19-23:34:32.3282103-05:00
1074,870953,2021-11-19-23:34:32.3282115-05:00
661,871614,2021-11-19-23:34:32.3282128-05:00
1610,873224,2021-11-19-23:34:32.3282140-05:00
1387,874611,2021-11-19-23:34:32.3282152-05:00
1308,875919,2021-11-19-23:34:32.3282165-05:00
1683,877602,2021-11-19-23:34:32.3282177-05:00
1740,879342,2021-11-19-23:34:32.3282190-05:00
224,879566,2021-11-19-23:34:32.3282202-05:00
974,880540,2021-11-19-23:34:32.3282214-05:00
1719,882259,2021-11-19-23:34:32.3282278-05:00
826,883085,2021-11-19-23:34:32.3282298-05:00
694,883779,2021-11-19-23:34:32.3282312-05:00
822,884601,2021-11-19-23:34:32.3282326-05:00
33,884634,2021-11-19-23:34:32.3282339-05:00
1036,885670,2021-11-19-23:34:32.3282352-05:00
1007,886677,2021-11-19-23:34:32.3282365-05:00
963,887640,2021-11-19-23:34:32.3282378-05:00
1591,889231,2021-11-19-23:34:32.3282392-05:00
1149,890380,2021-11-19-23:34:32.3282405-05:00
1459,891839,2021-11-19-23:34:32.3282418-05:00
1115,892954,2021-11-19-23:34:32.3282431-05:00
1820,894774,2021-11-19-23:34:32.3282444-05:00
80,894854,2021-11-19-23:34:32.3282458-05:00
841,895695,2021-11-19-23:34:32.3282471-05:00
1697,897392,2021-11-19-23:34:32.3282484-05:00
1978,899370,2021-11-19-23:34:32.3282497-05:00
319,899689,2021-11-19-23:34:32.3282510-05:00
1303,900992,2021-11-19-23:34:32.3282523-05:00
1480,902472,2021-11-19-23:34:32.3282536-05:00
1532,904004,2021-11-19-23:34:32.3282549-05:00
711,904715,2021-11-19-23:34:32.3282563-05:00
1055,905770,2021-11-19-23:34:32.3282596-05:00
502,906272,2021-11-19-23:34:32.3282613-05:00
1911,908183,2021-11-19-23:34:32.3282627-05:00
98,908281,2021-11-19-23:34:32.3282640-05:00
1340,909621,2021-11-19-23:34:32.3282653-05:00
1486,911107,2021-11-19-23:34:32.3282666-05:00
16,911123,2021-11-19-23:34:32.3282679-05:00
1478,912601,2021-11-19-23:34:32.3282691-05:00
1286,913887,2021-11-19-23:34:32.3282703-05:00
1696,915583,2021-11-19-23:34:32.3282715-05:00
1753,917336,2021-11-19-23:34:32.3282727-05:00
761,918097,2021-11-19-23:34:32.3282787-05:00
1615,919712,2021-11-19-23:34:32.3282806-05:00
498,920210,2021-11-19-23:34:32.3282820-05:00
1093,921303,2021-11-19-23:34:32.3282834-05:00
1610,922913,2021-11-19-23:34:32.3282848-05:00
870,923783,2021-11-19-23:34:32.3282861-05:00
946,924729,2021-11-19-23:34:32.3282874-05:00
863,925592,2021-11-19-23:34:32.3282887-05:00
886,926478,2021-11-19-23:34:32.3282901-05:00
672,927150,2021-11-19-23:34:32.3282914-05:00
981,928131,2021-11-19-23:34:32.3282927-05:00
722,928853,2021-11-19-23:34:32.3282940-05:00
1787,930640,2021-11-19-23:34:32.3282954-05:00
1253,931893,2021-11-19-23:34:32.3282967-05:00
581,932474,2021-11-19-23:34:32.3282980-05:00
769,933243,2021-11-19-23:34:32.3282994-05:00
1690,934933,2021-11-19-23:34:32.3283007-05:00
1329,936262,2021-11-19-23:34:32.3283020-05:00
1365,937627,2021-11-19-23:34:32.3283034-05:00
437,938064,2021-11-19-23:34:32.3283047-05:00
743,938807,2021-11-19-23:34:32.3283061-05:00
1442,940249,2021-11-19-23:34:32.3283073-05:00
1008,941257,2021-11-19-23:34:32.3283086-05:00
1771,943028,2021-11-19-23:34:32.3283099-05:00
193,943221,2021-11-19-23:34:32.3283112-05:00
911,944132,2021-11-19-23:34:32.3283124-05:00
1934,946066,2021-11-19-23:34:32.3283137-05:00
1695,947761,2021-11-19-23:34:32.3283149-05:00
1520,949281,2021-11-19-23:34:32.3283162-05:00
948,950229,2021-11-19-23:34:32.3283174-05:00
114,950343,2021-11-19-23:34:32.3283187-05:00
1863,952206,2021-11-19-23:34:32.3283199-05:00
1763,953969,2021-11-19-23:34:32.3283212-05:00
1362,955331,2021-11-19-23:34:32.3283280-05:00
1060,956391,2021-11-19-23:34:32.3283298-05:00
465,956856,2021-11-19-23:34:32.3283312-05:00
343,957199,2021-11-19-23:34:32.3283326-05:00
604,957803,2021-11-19-23:34:32.3283339-05:00
369,958172,2021-11-19-23:34:32.3283351-05:00
1448,959620,2021-11-19-23:34:32.3283364-05:00
358,959978,2021-11-19-23:34:32.3283464-05:00
618,960596,2021-11-19-23:34:32.3283487-05:00
646,961242,2021-11-19-23:34:32.3283503-05:00
40,961282,2021-11-19-23:34:32.3283517-05:00
74,961356,2021-11-19-23:34:32.3283531-05:00
1779,963135,2021-11-19-23:34:32.3283544-05:00
125,963260,2021-11-19-23:34:32.3283557-05:00
844,964104,2021-11-19-23:34:32.3283569-05:00
760,964864,2021-11-19-23:34:32.3283582-05:00
717,965581,2021-11-19-23:34:32.3283594-05:00
325,965906,2021-11-19-23:34:32.3283607-05:00
149,966055,2021-11-19-23:34:32.3283619-05:00
1920,967975,2021-11-19-23:34:32.3283720-05:00
1259,969234,2021-11-19-23:34:32.3283741-05:00
1010,970244,2021-11-19-23:34:32.3283754-05:00
1319,971563,2021-11-19-23:34:32.3283767-05:00
607,972170,2021-11-19-23:34:32.3283780-05:00
726,972896,2021-11-19-23:34:32.3283793-05:00
901,973797,2021-11-19-23:34:32.3283806-05:00
700,974497,2021-11-19-23:34:32.3283819-05:00
935,975432,2021-11-19-23:34:32.3283831-05:00
1250,976682,2021-11-19-23:34:32.3283844-05:00
1343,978025,2021-11-19-23:34:32.3283857-05:00
1938,979963,2021-11-19-23:34:32.3283870-05:00
558,980521,2021-11-19-23:34:32.3283883-05:00
1118,981639,2021-11-19-23:34:32.3283896-05:00
959,982598,2021-11-19-23:34:32.3283908-05:00
425,983023,2021-11-19-23:34:32.3283921-05:00
194,983217,2021-11-19-23:34:32.3283934-05:00
117,983334,2021-11-19-23:34:32.3283947-05:00
427,983761,2021-11-19-23:34:32.3283960-05:00
1086,984847,2021-11-19-23:34:32.3283973-05:00
960,985807,2021-11-19-23:34:32.3283987-05:00
1917,987724,2021-11-19-23:34:32.3284142-05:00
79,987803,2021-11-19-23:34:32.3284166-05:00
126,987929,2021-11-19-23:34:32.3284181-05:00
797,988726,2021-11-19-23:34:32.3284194-05:00
968,989694,2021-11-19-23:34:32.3284208-05:00
1698,991392,2021-11-19-23:34:32.3284221-05:00
413,991805,2021-11-19-23:34:32.3284234-05:00
786,992591,2021-11-19-23:34:32.3284247-05:00
1090,993681,2021-11-19-23:34:32.3284260-05:00
936,994617,2021-11-19-23:34:32.3284273-05:00
803,995420,2021-11-19-23:34:32.3284286-05:00
623,996043,2021-11-19-23:34:32.3284299-05:00
1964,998007,2021-11-19-23:34:32.3284313-05:00
1942,999949,2021-11-19-23:34:32.3284326-05:00
504,1000453,2021-11-19-23:34:32.3284435-05:00
352,1000805,2021-11-19-23:34:32.3284451-05:00
1740,1002545,2021-11-19-23:34:32.3284464-05:00
1857,1004402,2021-11-19-23:34:32.3284478-05:00
1616,1006018,2021-11-19-23:34:32.3284492-05:00
1703,1007721,2021-11-19-23:34:32.3284506-05:00
1669,1009390,2021-11-19-23:34:32.3284519-05:00
513,1009903,2021-11-19-23:34:32.3284533-05:00
1108,1011011,2021-11-19-23:34:32.3284546-05:00
1274,1012285,2021-11-19-23:34:32.3284560-05:00
707,1012992,2021-11-19-23:34:32.3284573-05:00
1482,1014474,2021-11-19-23:34:32.3284587-05:00
955,1015429,2021-11-19-23:34:32.3284600-05:00
821,1016250,2021-11-19-23:34:32.3284614-05:00
1699,1017949,2021-11-19-23:34:32.3284627-05:00
651,1018600,2021-11-19-23:34:32.3284641-05:00
644,1019244,2021-11-19-23:34:32.3284654-05:00
291,1019535,2021-11-19-23:34:32.3284668-05:00
1238,1020773,2021-11-19-23:34:32.3284774-05:00
1189,1021962,2021-11-19-23:34:32.3284841-05:00
3,1021965,2021-11-19-23:34:32.3284860-05:00
1180,1023145,2021-11-19-23:34:32.3284874-05:00
884,1024029,2021-11-19-23:34:32.3284888-05:00
522,1024551,2021-11-19-23:34:32.3284902-05:00
1639,1026190,2021-11-19-23:34:32.3284915-05:00
1028,1027218,2021-11-19-23:34:32.3284928-05:00
488,1027706,2021-11-19-23:34:32.3284942-05:00
1913,1029619,2021-11-19-23:34:32.3284955-05:00
1845,1031464,2021-11-19-23:34:32.3284968-05:00
315,1031779,2021-11-19-23:34:32.3284981-05:00
540,1032319,2021-11-19-23:34:32.3284994-05:00
1316,1033635,2021-11-19-23:34:32.3285007-05:00
594,1034229,2021-11-19-23:34:32.3285113-05:00
1175,1035404,2021-11-19-23:34:32.3285130-05:00
455,1035859,2021-11-19-23:34:32.3285143-05:00
74,1035933,2021-11-19-23:34:32.3285157-05:00
453,1036386,2021-11-19-23:34:32.3285170-05:00
259,1036645,2021-11-19-23:34:32.3285184-05:00
810,1037455,2021-11-19-23:34:32.3285197-05:00
1383,1038838,2021-11-19-23:34:32.3285210-05:00
1291,1040129,2021-11-19-23:34:32.3285223-05:00
1405,1041534,2021-11-19-23:34:32.3285236-05:00
971,1042505,2021-11-19-23:34:32.3285249-05:00
851,1043356,2021-11-19-23:34:32.3285262-05:00
90,1043446,2021-11-19-23:34:32.3285275-05:00
1486,1044932,2021-11-19-23:34:32.3285288-05:00
743,1045675,2021-11-19-23:34:32.3285301-05:00
1592,1047267,2021-11-19-23:34:32.3285314-05:00
1087,1048354,2021-11-19-23:34:32.3285327-05:00
440,1048794,2021-11-19-23:34:32.3285341-05:00
292,1049086,2021-11-19-23:34:32.3285354-05:00
512,1049598,2021-11-19-23:34:32.3285424-05:00
1384,1050982,2021-11-19-23:34:32.3285536-05:00
776,1051758,2021-11-19-23:34:32.3285555-05:00
1940,1053698,2021-11-19-23:34:32.3285569-05:00
1324,1055022,2021-11-19-23:34:32.3285582-05:00
1467,1056489,2021-11-19-23:34:32.3285615-05:00
1219,1057708,2021-11-19-23:34:32.3285634-05:00
219,1057927,2021-11-19-23:34:32.3285648-05:00
589,1058516,2021-11-19-23:34:32.3285661-05:00
1215,1059731,2021-11-19-23:34:32.3285674-05:00
1756,1061487,2021-11-19-23:34:32.3285687-05:00
668,1062155,2021-11-19-23:34:32.3285700-05:00
794,1062949,2021-11-19-23:34:32.3285713-05:00
734,1063683,2021-11-19-23:34:32.3285726-05:00
1391,1065074,2021-11-19-23:34:32.3285739-05:00
888,1065962,2021-11-19-23:34:32.3285751-05:00
1780,1067742,2021-11-19-23:34:32.3285764-05:00
367,1068109,2021-11-19-23:34:32.3285777-05:00
1625,1069734,2021-11-19-23:34:32.3285789-05:00
198,1069932,2021-11-19-23:34:32.3285801-05:00
385,1070317,2021-11-19-23:34:32.3285814-05:00
1480,1071797,2021-11-19-23:34:32.3285826-05:00
1855,1073652,2021-11-19-23:34:32.3285839-05:00
1897,1075549,2021-11-19-23:34:32.3285851-05:00
598,1076147,2021-11-19-23:34:32.3285864-05:00
209,1076356,2021-11-19-23:34:32.3285876-05:00
33,1076389,2021-11-19-23:34:32.3285889-05:00
433,1076822,2021-11-19-23:34:32.3285901-05:00
154,1076976,2021-11-19-23:34:32.3285913-05:00
285,1077261,2021-11-19-23:34:32.3285926-05:00
896,1078157,2021-11-19-23:34:32.3285939-05:00
826,1078983,2021-11-19-23:34:32.3285951-05:00
1405,1080388,2021-11-19-23:34:32.3285963-05:00
23,1080411,2021-11-19-23:34:32.3286029-05:00
29,1080440,2021-11-19-23:34:32.3286047-05:00
1931,1082371,2021-11-19-23:34:32.3286061-05:00
1817,1084188,2021-11-19-23:34:32.3286075-05:00
1235,1085423,2021-11-19-23:34:32.3286088-05:00
1131,1086554,2021-11-19-23:34:32.3286101-05:00
606,1087160,2021-11-19-23:34:32.3286115-05:00
1234,1088394,2021-11-19-23:34:32.3286128-05:00
41,1088435,2021-11-19-23:34:32.3286141-05:00
222,1088657,2021-11-19-23:34:32.3286154-05:00
169,1088826,2021-11-19-23:34:32.3286167-05:00
1534,1090360,2021-11-19-23:34:32.3286181-05:00
738,1091098,2021-11-19-23:34:32.3286194-05:00
178,1091276,2021-11-19-23:34:32.3286207-05:00
118,1091394,2021-11-19-23:34:32.3286220-05:00
699,1092093,2021-11-19-23:34:32.3286233-05:00
598,1092691,2021-11-19-23:34:32.3286246-05:00
963,1093654,2021-11-19-23:34:32.3286259-05:00
1226,1094880,2021-11-19-23:34:32.3286273-05:00
1461,1096341,2021-11-19-23:34:32.3286286-05:00
243,1096584,2021-11-19-23:34:32.3286300-05:00
1907,1098491,2021-11-19-23:34:32.3286313-05:00
1031,1099522,2021-11-19-23:34:32.3286326-05:00
1529,1101051,2021-11-19-23:34:32.3286340-05:00
878,1101929,2021-11-19-23:34:32.3286353-05:00
1343,1103272,2021-11-19-23:34:32.3286366-05:00
1115,1104387,2021-11-19-23:34:32.3286378-05:00
1434,1105821,2021-11-19-23:34:32.3286391-05:00
786,1106607,2021-11-19-23:34:32.3286404-05:00
66,1106673,2021-11-19-23:34:32.3286417-05:00
304,1106977,2021-11-19-23:34:32.3286430-05:00
320,1107297,2021-11-19-23:34:32.3286443-05:00
930,1108227,2021-11-19-23:34:32.3286506-05:00
1262,1109489,2021-11-19-23:34:32.3286525-05:00
772,1110261,2021-11-19-23:34:32.3286540-05:00
706,1110967,2021-11-19-23:34:32.3286554-05:00
1459,1112426,2021-11-19-23:34:32.3286567-05:00
1070,1113496,2021-11-19-23:34:32.3286580-05:00
545,1114041,2021-11-19-23:34:32.3286594-05:00
1235,1115276,2021-11-19-23:34:32.3286692-05:00
1020,1116296,2021-11-19-23:34:32.3286714-05:00
963,1117259,2021-11-19-23:34:32.3286729-05:00
345,1117604,2021-11-19-23:34:32.3286742-05:00
1259,1118863,2021-11-19-23:34:32.3286756-05:00
1687,1120550,2021-11-19-23:34:32.3286769-05:00
363,1120913,2021-11-19-23:34:32.3286782-05:00
1859,1122772,2021-11-19-23:34:32.3286796-05:00
32,1122804,2021-11-19-23:34:32.3286809-05:00
1915,1124719,2021-11-19-23:34:32.3286822-05:00
1734,1126453,2021-11-19-23:34:32.3286835-05:00
1555,1128008,2021-11-19-23:34:32.3286848-05:00
1321,1129329,2021-11-19-23:34:32.3286862-05:00
1670,1130999,2021-11-19-23:34:32.3286875-05:00
1365,1132364,2021-11-19-23:34:32.3286888-05:00
1163,1133527,2021-11-19-23:34:32.3286901-05:00
115,1133642,2021-11-19-23:34:32.3286914-05:00
997,1134639,2021-11-19-23:34:32.3286927-05:00
403,1135042,2021-11-19-23:34:32.3286941-05:00
940,1135982,2021-11-19-23:34:32.3286954-05:00
1892,1137874,2021-11-19-23:34:32.3287060-05:00
16,1137890,2021-11-19-23:34:32.3287076-05:00
1171,1139061,2021-11-19-23:34:32.3287088-05:00
449,1139510,2021-11-19-23:34:32.3287101-05:00
1975,1141485,2021-11-19-23:34:32.3287114-05:00
1917,1143402,2021-11-19-23:34:32.3287127-05:00
1849,1145251,2021-11-19-23:34:32.3287139-05:00
605,1145856,2021-11-19-23:34:32.3287152-05:00
1475,1147331,2021-11-19-23:34:32.3287165-05:00
1406,1148737,2021-11-19-23:34:32.3287177-05:00
1411,1150148,2021-11-19-23:34:32.3287190-05:00
1239,1151387,2021-11-19-23:34:32.3287202-05:00
1527,1152914,2021-11-19-23:34:32.3287242-05:00
418,1153332,2021-11-19-23:34:32.3287261-05:00
1990,1155322,2021-11-19-23:34:32.3287275-05:00
442,1155764,2021-11-19-23:34:32.3287288-05:00
1279,1157043,2021-11-19-23:34:32.3287301-05:00
1562,1158605,2021-11-19-23:34:32.3287314-05:00
1771,1160376,2021-11-19-23:34:32.3287326-05:00
1842,1162218,2021-11-19-23:34:32.3287339-05:00
515,1162733,2021-11-19-23:34:32.3287351-05:00
1483,1164216,2021-11-19-23:34:32.3287364-05:00
1083,1165299,2021-11-19-23:34:32.3287376-05:00
1518,1166817,2021-11-19-23:34:32.3287389-05:00
1052,1167869,2021-11-19-23:34:32.3287401-05:00
510,1168379,2021-11-19-23:34:32.3287414-05:00
983,1169362,2021-11-19-23:34:32.3287426-05:00
649,1170011,2021-11-19-23:34:32.3287439-05:00
1565,1171576,2021-11-19-23:34:32.3287451-05:00
100,1171676,2021-11-19-23:34:32.3287464-05:00
657,1172333,2021-11-19-23:34:32.3287695-05:00
1708,1174041,2021-11-19-23:34:32.3287722-05:00
1057,1175098,2021-11-19-23:34:32.3287738-05:00
131,1175229,2021-11-19-23:34:32.3287752-05:00
653,1175882,2021-11-19-23:34:32.3287766-05:00
1220,1177102,2021-11-19-23:34:32.3287779-05:00
1848,1178950,2021-11-19-23:34:32.3287792-05:00
515,1179465,2021-11-19-23:34:32.3287806-05:00
370,1179835,2021-11-19-23:34:32.3287819-05:00
1341,1181176,2021-11-19-23:34:32.3287832-05:00
1838,1183014,2021-11-19-23:34:32.3287845-05:00
1758,1184772,2021-11-19-23:34:32.3287858-05:00
384,1185156,2021-11-19-23:34:32.3287871-05:00
626,1185782,2021-11-19-23:34:32.3287884-05:00
505,1186287,2021-11-19-23:34:32.3287897-05:00
495,1186782,2021-11-19-23:34:32.3287910-05:00
29,1186811,2021-11-19-23:34:32.3287923-05:00
903,1187714,2021-11-19-23:34:32.3287936-05:00
1680,1189394,2021-11-19-23:34:32.3287949-05:00
923,1190317,2021-11-19-23:34:32.3287962-05:00
1883,1192200,2021-11-19-23:34:32.3287975-05:00
553,1192753,2021-11-19-23:34:32.3287989-05:00
1225,1193978,2021-11-19-23:34:32.3288002-05:00
561,1194539,2021-11-19-23:34:32.3288015-05:00
425,1194964,2021-11-19-23:34:32.3288027-05:00
409,1195373,2021-11-19-23:34:32.3288040-05:00
932,1196305,2021-11-19-23:34:32.3288053-05:00
1653,1197958,2021-11-19-23:34:32.3288066-05:00
1396,1199354,2021-11-19-23:34:32.3288079-05:00
1465,1200819,2021-11-19-23:34:32.3288092-05:00
935,1201754,2021-11-19-23:34:32.3288105-05:00
1200,1202954,2021-11-19-23:34:32.3288118-05:00
1040,1203994,2021-11-19-23:34:32.3288185-05:00
1376,1205370,2021-11-19-23:34:32.3288205-05:00
750,1206120,2021-11-19-23:34:32.3288221-05:00
1702,1207822,2021-11-19-23:34:32.3288235-05:00
183,1208005,2021-11-19-23:34:32.3288266-05:00
1396,1209401,2021-11-19-23:34:32.3288284-05:00
1765,1211166,2021-11-19-23:34:32.3288298-05:00
771,1211937,2021-11-19-23:34:32.3288312-05:00
594,1212531,2021-11-19-23:34:32.3288326-05:00
764,1213295,2021-11-19-23:34:32.3288340-05:00
1193,1214488,2021-11-19-23:34:32.3288354-05:00
431,1214919,2021-11-19-23:34:32.3288367-05:00
5,1214924,2021-11-19-23:34:32.3288380-05:00
757,1215681,2021-11-19-23:34:32.3288393-05:00
1099,1216780,2021-11-19-23:34:32.3288407-05:00
458,1217238,2021-11-19-23:34:32.3288420-05:00
1014,1218252,2021-11-19-23:34:32.3288433-05:00
558,1218810,2021-11-19-23:34:32.3288447-05:00
481,1219291,2021-11-19-23:34:32.3288460-05:00
80,1219371,2021-11-19-23:34:32.3288473-05:00
969,1220340,2021-11-19-23:34:32.3288487-05:00
642,1220982,2021-11-19-23:34:32.3288500-05:00
217,1221199,2021-11-19-23:34:32.3288514-05:00
104,1221303,2021-11-19-23:34:32.3288527-05:00
483,1221786,2021-11-19-23:34:32.3288540-05:00
496,1222282,2021-11-19-23:34:32.3288553-05:00
1705,1223987,2021-11-19-23:34:32.3288567-05:00
244,1224231,2021-11-19-23:34:32.3288580-05:00
288,1224519,2021-11-19-23:34:32.3288593-05:00
196,1224715,2021-11-19-23:34:32.3288606-05:00
1119,1225834,2021-11-19-23:34:32.3288619-05:00
904,1226738,2021-11-19-23:34:32.3288632-05:00
407,1227145,2021-11-19-23:34:32.3288645-05:00
638,1227783,2021-11-19-23:34:32.3288703-05:00
719,1228502,2021-11-19-23:34:32.3288723-05:00
1008,1229510,2021-11-19-23:34:32.3288738-05:00
1875,1231385,2021-11-19-23:34:32.3288752-05:00
802,1232187,2021-11-19-23:34:32.3288766-05:00
312,1232499,2021-11-19-23:34:32.3288780-05:00
632,1233131,2021-11-19-23:34:32.3288793-05:00
1138,1234269,2021-11-19-23:34:32.3288806-05:00
910,1235179,2021-11-19-23:34:32.3288819-05:00
330,1235509,2021-11-19-23:34:32.3288831-05:00
1119,1236628,2021-11-19-23:34:32.3288845-05:00
1360,1237988,2021-11-19-23:34:32.3288858-05:00
795,1238783,2021-11-19-23:34:32.3288871-05:00
557,1239340,2021-11-19-23:34:32.3288884-05:00
1668,1241008,2021-11-19-23:34:32.3288896-05:00
1310,1242318,2021-11-19-23:34:32.3288909-05:00
475,1242793,2021-11-19-23:34:32.3288922-05:00
639,1243432,2021-11-19-23:34:32.3288935-05:00
839,1244271,2021-11-19-23:34:32.3288948-05:00
984,1245255,2021-11-19-23:34:32.3288961-05:00
855,1246110,2021-11-19-23:34:32.3288974-05:00
232,1246342,2021-11-19-23:34:32.3288987-05:00
398,1246740,2021-11-19-23:34:32.3289000-05:00
1159,1247899,2021-11-19-23:34:32.3289013-05:00
646,1248545,2021-11-19-23:34:32.3289026-05:00
1220,1249765,2021-11-19-23:34:32.3289039-05:00
1687,1251452,2021-11-19-23:34:32.3289052-05:00
1691,1253143,2021-11-19-23:34:32.3289065-05:00
1521,1254664,2021-11-19-23:34:32.3289077-05:00
483,1255147,2021-11-19-23:34:32.3289090-05:00
399,1255546,2021-11-19-23:34:32.3289103-05:00
1645,1257191,2021-11-19-23:34:32.3289116-05:00
289,1257480,2021-11-19-23:34:32.3289175-05:00
24,1257504,2021-11-19-23:34:32.3289195-05:00
1366,1258870,2021-11-19-23:34:32.3289209-05:00
38,1258908,2021-11-19-23:34:32.3289224-05:00
91,1258999,2021-11-19-23:34:32.3289237-05:00
582,1259581,2021-11-19-23:34:32.3289251-05:00
212,1259793,2021-11-19-23:34:32.3289264-05:00
247,1260040,2021-11-19-23:34:32.3289278-05:00
1849,1261889,2021-11-19-23:34:32.3289291-05:00
942,1262831,2021-11-19-23:34:32.3289305-05:00
60,1262891,2021-11-19-23:34:32.3289318-05:00
312,1263203,2021-11-19-23:34:32.3289331-05:00
1097,1264300,2021-11-19-23:34:32.3289344-05:00
744,1265044,2021-11-19-23:34:32.3289356-05:00
1687,1266731,2021-11-19-23:34:32.3289369-05:00
1939,1268670,2021-11-19-23:34:32.3289382-05:00
38,1268708,2021-11-19-23:34:32.3289395-05:00
934,1269642,2021-11-19-23:34:32.3289407-05:00
1813,1271455,2021-11-19-23:34:32.3289420-05:00
1556,1273011,2021-11-19-23:34:32.3289433-05:00
281,1273292,2021-11-19-23:34:32.3289446-05:00
1919,1275211,2021-11-19-23:34:32.3289459-05:00
1552,1276763,2021-11-19-23:34:32.3289541-05:00
407,1277170,2021-11-19-23:34:32.3289563-05:00
321,1277491,2021-11-19-23:34:32.3289578-05:00
1849,1279340,2021-11-19-23:34:32.3289592-05:00
1230,1280570,2021-11-19-23:34:32.3289605-05:00
1582,1282152,2021-11-19-23:34:32.3289618-05:00
625,1282777,2021-11-19-23:34:32.3289631-05:00
941,1283718,2021-11-19-23:34:32.3289644-05:00
1616,1285334,2021-11-19-23:34:32.3289657-05:00
427,1285761,2021-11-19-23:34:32.3289670-05:00
1931,1287692,2021-11-19-23:34:32.3289684-05:00
1473,1289165,2021-11-19-23:34:32.3289697-05:00
1071,1290236,2021-11-19-23:34:32.3289710-05:00
772,1291008,2021-11-19-23:34:32.3289723-05:00
1190,1292198,2021-11-19-23:34:32.3289737-05:00
1630,1293828,2021-11-19-23:34:32.3289750-05:00
1219,1295047,2021-11-19-23:34:32.3289763-05:00
1892,1296939,2021-11-19-23:34:32.3289777-05:00
427,1297366,2021-11-19-23:34:32.3289790-05:00
592,1297958,2021-11-19-23:34:32.3289803-05:00
1135,1299093,2021-11-19-23:34:32.3289816-05:00
1913,1301006,2021-11-19-23:34:32.3289830-05:00
173,1301179,2021-11-19-23:34:32.3289842-05:00
86,1301265,2021-11-19-23:34:32.3289856-05:00
63,1301328,2021-11-19-23:34:32.3289868-05:00
1901,1303229,2021-11-19-23:34:32.3289881-05:00
1532,1304761,2021-11-19-23:34:32.3289894-05:00
1747,1306508,2021-11-19-23:34:32.3289907-05:00
1653,1308161,2021-11-19-23:34:32.3289941-05:00
587,1308748,2021-11-19-23:34:32.3289959-05:00
670,1309418,2021-11-19-23:34:32.3289973-05:00
842,1310260,2021-11-19-23:34:32.3289988-05:00
1365,1311625,2021-11-19-23:34:32.3290050-05:00
370,1311995,2021-11-19-23:34:32.3290070-05:00
472,1312467,2021-11-19-23:34:32.3290085-05:00
960,1313427,2021-11-19-23:34:32.3290098-05:00
1717,1315144,2021-11-19-23:34:32.3290112-05:00
242,1315386,2021-11-19-23:34:32.3290125-05:00
1352,1316738,2021-11-19-23:34:32.3290139-05:00
630,1317368,2021-11-19-23:34:32.3290152-05:00
1622,1318990,2021-11-19-23:34:32.3290165-05:00
908,1319898,2021-11-19-23:34:32.3290178-05:00
1325,1321223,2021-11-19-23:34:32.3290192-05:00
1632,1322855,2021-11-19-23:34:32.3290205-05:00
381,1323236,2021-11-19-23:34:32.3290219-05:00
1623,1324859,2021-11-19-23:34:32.3290232-05:00
1672,1326531,2021-11-19-23:34:32.3290246-05:00
916,1327447,2021-11-19-23:34:32.3290259-05:00
749,1328196,2021-11-19-23:34:32.3290272-05:00
407,1328603,2021-11-19-23:34:32.3290286-05:00
1715,1330318,2021-11-19-23:34:32.3290299-05:00
1920,1332238,2021-11-19-23:34:32.3290312-05:00
1129,1333367,2021-11-19-23:34:32.3290326-05:00
1688,1335055,2021-11-19-23:34:32.3290339-05:00
784,1335839,2021-11-19-23:34:32.3290352-05:00
1638,1337477,2021-11-19-23:34:32.3290366-05:00
235,1337712,2021-11-19-23:34:32.3290379-05:00
236,1337948,2021-11-19-23:34:32.3290392-05:00
1786,1339734,2021-11-19-23:34:32.3290405-05:00
1328,1341062,2021-11-19-23:34:32.3290419-05:00
51,1341113,2021-11-19-23:34:32.3290432-05:00
877,1341990,2021-11-19-23:34:32.3290445-05:00
1287,1343277,2021-11-19-23:34:32.3290459-05:00
1030,1344307,2021-11-19-23:34:32.3290472-05:00
1756,1346063,2021-11-19-23:34:32.3290485-05:00
1089,1347152,2021-11-19-23:34:32.3290504-05:00
108,1347260,2021-11-19-23:34:32.3290520-05:00
702,1347962,2021-11-19-23:34:32.3290534-05:00
301,1348263,2021-11-19-23:34:32.3290548-05:00
231,1348494,2021-11-19-23:34:32.3290562-05:00
1913,1350407,2021-11-19-23:34:32.3290575-05:00
977,1351384,2021-11-19-23:34:32.3290609-05:00
540,1351924,2021-11-19-23:34:32.3290627-05:00
1797,1353721,2021-11-19-23:34:32.3290642-05:00
970,1354691,2021-11-19-23:34:32.3290655-05:00
227,1354918,2021-11-19-23:34:32.3290668-05:00
588,1355506,2021-11-19-23:34:32.3290681-05:00
540,1356046,2021-11-19-23:34:32.3290767-05:00
1705,1357751,2021-11-19-23:34:32.3290789-05:00
439,1358190,2021-11-19-23:34:32.3290804-05:00
230,1358420,2021-11-19-23:34:32.3290819-05:00
616,1359036,2021-11-19-23:34:32.3290832-05:00
999,1360035,2021-11-19-23:34:32.3290846-05:00
1247,1361282,2021-11-19-23:34:32.3290859-05:00
872,1362154,2021-11-19-23:34:32.3290872-05:00
750,1362904,2021-11-19-23:34:32.3290885-05:00
1713,1364617,2021-11-19-23:34:32.3290898-05:00
1677,1366294,2021-11-19-23:34:32.3290911-05:00
1585,1367879,2021-11-19-23:34:32.3290924-05:00
833,1368712,2021-11-19-23:34:32.3290937-05:00
725,1369437,2021-11-19-23:34:32.3290950-05:00
1482,1370919,2021-11-19-23:34:32.3290964-05:00
455,1371374,2021-11-19-23:34:32.3290977-05:00
24,1371398,2021-11-19-23:34:32.3290990-05:00
579,1371977,2021-11-19-23:34:32.3291003-05:00
746,1372723,2021-11-19-23:34:32.3291017-05:00
1621,1374344,2021-11-19-23:34:32.3291030-05:00
296,1374640,2021-11-19-23:34:32.3291043-05:00
1876,1376516,2021-11-19-23:34:32.3291056-05:00
1292,1377808,2021-11-19-23:34:32.3291069-05:00
1515,1379323,2021-11-19-23:34:32.3291083-05:00
971,1380294,2021-11-19-23:34:32.3291096-05:00
616,1380910,2021-11-19-23:34:32.3291109-05:00
518,1381428,2021-11-19-23:34:32.3291122-05:00
494,1381922,2021-11-19-23:34:32.3291135-05:00
738,1382660,2021-11-19-23:34:32.3291148-05:00
1381,1384041,2021-11-19-23:34:32.3291161-05:00
1331,1385372,2021-11-19-23:34:32.3291174-05:00
718,1386090,2021-11-19-23:34:32.3291187-05:00
558,1386648,2021-11-19-23:34:32.3291248-05:00
1051,1387699,2021-11-19-23:34:32.3291267-05:00
1695,1389394,2021-11-19-23:34:32.3291283-05:00
530,1389924,2021-11-19-23:34:32.3291297-05:00
1348,1391272,2021-11-19-23:34:32.3291310-05:00
1099,1392371,2021-11-19-23:34:32.3291346-05:00
1434,1393805,2021-11-19-23:34:32.3291364-05:00
1877,1395682,2021-11-19-23:34:32.3291379-05:00
41,1395723,2021-11-19-23:34:32.3291392-05:00
158,1395881,2021-11-19-23:34:32.3291405-05:00
1007,1396888,2021-11-19-23:34:32.3291418-05:00
1375,1398263,2021-11-19-23:34:32.3291432-05:00
431,1398694,2021-11-19-23:34:32.3291444-05:00
1117,1399811,2021-11-19-23:34:32.3291458-05:00
1467,1401278,2021-11-19-23:34:32.3291471-05:00
1506,1402784,2021-11-19-23:34:32.3291484-05:00
431,1403215,2021-11-19-23:34:32.3291497-05:00
522,1403737,2021-11-19-23:34:32.3291510-05:00
517,1404254,2021-11-19-23:34:32.3291523-05:00
1218,1405472,2021-11-19-23:34:32.3291536-05:00
225,1405697,2021-11-19-23:34:32.3291549-05:00
606,1406303,2021-11-19-23:34:32.3291562-05:00
293,1406596,2021-11-19-23:34:32.3291575-05:00
663,1407259,2021-11-19-23:34:32.3291588-05:00
414,1407673,2021-11-19-23:34:32.3291601-05:00
923,1408596,2021-11-19-23:34:32.3291614-05:00
1258,1409854,2021-11-19-23:34:32.3291627-05:00
1,1409855,2021-11-19-23:34:32.3291640-05:00
481,1410336,2021-11-19-23:34:32.3291653-05:00
753,1411089,2021-11-19-23:34:32.3291666-05:00
135,1411224,2021-11-19-23:34:32.3291679-05:00
1368,1412592,2021-11-19-23:34:32.3291692-05:00
382,1412974,2021-11-19-23:34:32.3291705-05:00
960,1413934,2021-11-19-23:34:32.3291770-05:00
1027,1414961,2021-11-19-23:34:32.3291788-05:00
1782,1416743,2021-11-19-23:34:32.3291803-05:00
1030,1417773,2021-11-19-23:34:32.3291817-05:00
952,1418725,2021-11-19-23:34:32.3291830-05:00
1107,1419832,2021-11-19-23:34:32.3291844-05:00
924,1420756,2021-11-19-23:34:32.3291857-05:00
1145,1421901,2021-11-19-23:34:32.3291870-05:00
868,1422769,2021-11-19-23:34:32.3291884-05:00
1580,1424349,2021-11-19-23:34:32.3291897-05:00
139,1424488,2021-11-19-23:34:32.3291911-05:00
870,1425358,2021-11-19-23:34:32.3291924-05:00
1916,1427274,2021-11-19-23:34:32.3291938-05:00
1085,1428359,2021-11-19-23:34:32.3291951-05:00
1853,1430212,2021-11-19-23:34:32.3291965-05:00
1148,1431360,2021-11-19-23:34:32.3291978-05:00
1012,1432372,2021-11-19-23:34:32.3291991-05:00
63,1432435,2021-11-19-23:34:32.3292007-05:00
216,1432651,2021-11-19-23:34:32.3292020-05:00
864,1433515,2021-11-19-23:34:32.3292034-05:00
114,1433629,2021-11-19-23:34:32.3292047-05:00
493,1434122,2021-11-19-23:34:32.3292061-05:00
1951,1436073,2021-11-19-23:34:32.3292074-05:00
759,1436832,2021-11-19-23:34:32.3292088-05:00
1032,1437864,2021-11-19-23:34:32.3292101-05:00
117,1437981,2021-11-19-23:34:32.3292114-05:00
425,1438406,2021-11-19-23:34:32.3292199-05:00
1840,1440246,2021-11-19-23:34:32.3292220-05:00
1434,1441680,2021-11-19-23:34:32.3292235-05:00
1396,1443076,2021-11-19-23:34:32.3292249-05:00
1288,1444364,2021-11-19-23:34:32.3292262-05:00
24,1444388,2021-11-19-23:34:32.3292276-05:00
1638,1446026,2021-11-19-23:34:32.3292289-05:00
994,1447020,2021-11-19-23:34:32.3292303-05:00
1471,1448491,2021-11-19-23:34:32.3292316-05:00
90,1448581,2021-11-19-23:34:32.3292328-05:00
1685,1450266,2021-11-19-23:34:32.3292341-05:00
476,1450742,2021-11-19-23:34:32.3292354-05:00
1479,1452221,2021-11-19-23:34:32.3292367-05:00
1415,1453636,2021-11-19-23:34:32.3292380-05:00
1592,1455228,2021-11-19-23:34:32.3292393-05:00
74,1455302,2021-11-19-23:34:32.3292406-05:00
1357,1456659,2021-11-19-23:34:32.3292439-05:00
1025,1457684,2021-11-19-23:34:32.3292458-05:00
155,1457839,2021-11-19-23:34:32.3292472-05:00
1793,1459632,2021-11-19-23:34:32.3292486-05:00
498,1460130,2021-11-19-23:34:32.3292499-05:00
1838,1461968,2021-11-19-23:34:32.3292512-05:00
1405,1463373,2021-11-19-23:34:32.3292525-05:00
852,1464225,2021-11-19-23:34:32.3292538-05:00
1469,1465694,2021-11-19-23:34:32.3292551-05:00
691,1466385,2021-11-19-23:34:32.3292564-05:00
1918,1468303,2021-11-19-23:34:32.3292578-05:00
505,1468808,2021-11-19-23:34:32.3292591-05:00
269,1469077,2021-11-19-23:34:32.3292604-05:00
467,1469544,2021-11-19-23:34:32.3292617-05:00
1076,1470620,2021-11-19-23:34:32.3292630-05:00
1024,1471644,2021-11-19-23:34:32.3292644-05:00
1998,1473642,2021-11-19-23:34:32.3292706-05:00
835,1474477,2021-11-19-23:34:32.3292725-05:00
682,1475159,2021-11-19-23:34:32.3292740-05:00
1084,1476243,2021-11-19-23:34:32.3292754-05:00
1710,1477953,2021-11-19-23:34:32.3292767-05:00
1471,1479424,2021-11-19-23:34:32.3292780-05:00
293,1479717,2021-11-19-23:34:32.3292793-05:00
115,1479832,2021-11-19-23:34:32.3292807-05:00
1232,1481064,2021-11-19-23:34:32.3292820-05:00
922,1481986,2021-11-19-23:34:32.3292833-05:00
1614,1483600,2021-11-19-23:34:32.3292846-05:00
1764,1485364,2021-11-19-23:34:32.3292859-05:00
1463,1486827,2021-11-19-23:34:32.3292872-05:00
536,1487363,2021-11-19-23:34:32.3292884-05:00
583,1487946,2021-11-19-23:34:32.3292897-05:00
801,1488747,2021-11-19-23:34:32.3292910-05:00
1272,1490019,2021-11-19-23:34:32.3292923-05:00
40,1490059,2021-11-19-23:34:32.3292936-05:00
1136,1491195,2021-11-19-23:34:32.3292949-05:00
926,1492121,2021-11-19-23:34:32.3292961-05:00
605,1492726,2021-11-19-23:34:32.3292974-05:00
1239,1493965,2021-11-19-23:34:32.3292987-05:00
1619,1495584,2021-11-19-23:34:32.3292999-05:00
587,1496171,2021-11-19-23:34:32.3293012-05:00
436,1496607,2021-11-19-23:34:32.3293025-05:00
583,1497190,2021-11-19-23:34:32.3293038-05:00
1927,1499117,2021-11-19-23:34:32.3293050-05:00
597,1499714,2021-11-19-23:34:32.3293084-05:00
106,1499820,2021-11-19-23:34:32.3293102-05:00
1134,1500954,2021-11-19-23:34:32.3293116-05:00
725,1501679,2021-11-19-23:34:32.3293129-05:00
1005,1502684,2021-11-19-23:34:32.3293143-05:00
1014,1503698,2021-11-19-23:34:32.3293156-05:00
662,1504360,2021-11-19-23:34:32.3293222-05:00
478,1504838,2021-11-19-23:34:32.3293242-05:00
645,1505483,2021-11-19-23:34:32.3293257-05:00
733,1506216,2021-11-19-23:34:32.3293271-05:00
509,1506725,2021-11-19-23:34:32.3293284-05:00
363,1507088,2021-11-19-23:34:32.3293298-05:00
1886,1508974,2021-11-19-23:34:32.3293311-05:00
733,1509707,2021-11-19-23:34:32.3293324-05:00
40,1509747,2021-11-19-23:34:32.3293338-05:00
561,1510308,2021-11-19-23:34:32.3293351-05:00
1575,1511883,2021-11-19-23:34:32.3293365-05:00
224,1512107,2021-11-19-23:34:32.3293378-05:00
1641,1513748,2021-11-19-23:34:32.3293391-05:00
1388,1515136,2021-11-19-23:34:32.3293404-05:00
933,1516069,2021-11-19-23:34:32.3293418-05:00
108,1516177,2021-11-19-23:34:32.3293431-05:00
1117,1517294,2021-11-19-23:34:32.3293444-05:00
1232,1518526,2021-11-19-23:34:32.3293457-05:00
230,1518756,2021-11-19-23:34:32.3293470-05:00
1330,1520086,2021-11-19-23:34:32.3293483-05:00
150,1520236,2021-11-19-23:34:32.3293496-05:00
420,1520656,2021-11-19-23:34:32.3293509-05:00
759,1521415,2021-11-19-23:34:32.3293522-05:00
1215,1522630,2021-11-19-23:34:32.3293535-05:00
95,1522725,2021-11-19-23:34:32.3293549-05:00
648,1523373,2021-11-19-23:34:32.3293562-05:00
1128,1524501,2021-11-19-23:34:32.3293575-05:00
1543,1526044,2021-11-19-23:34:32.3293588-05:00
1695,1527739,2021-11-19-23:34:32.3293601-05:00
10,1527749,2021-11-19-23:34:32.3293614-05:00
99,1527848,2021-11-19-23:34:32.3293627-05:00
198,1528046,2021-11-19-23:34:32.3293640-05:00
609,1528655,2021-11-19-23:34:32.3293657-05:00
750,1529405,2021-11-19-23:34:32.3293673-05:00
802,1530207,2021-11-19-23:34:32.3293687-05:00
59,1530266,2021-11-19-23:34:32.3293701-05:00
1938,1532204,2021-11-19-23:34:32.3293715-05:00
68,1532272,2021-11-19-23:34:32.3293728-05:00
764,1533036,2021-11-19-23:34:32.3293762-05:00
1676,1534712,2021-11-19-23:34:32.3293780-05:00
1250,1535962,2021-11-19-23:34:32.3293867-05:00
194,1536156,2021-11-19-23:34:32.3293887-05:00
565,1536721,2021-11-19-23:34:32.3293902-05:00
678,1537399,2021-11-19-23:34:32.3293917-05:00
45,1537444,2021-11-19-23:34:32.3293931-05:00
364,1537808,2021-11-19-23:34:32.3293945-05:00
795,1538603,2021-11-19-23:34:32.3293959-05:00
1194,1539797,2021-11-19-23:34:32.3293974-05:00
995,1540792,2021-11-19-23:34:32.3293988-05:00
490,1541282,2021-11-19-23:34:32.3294003-05:00
988,1542270,2021-11-19-23:34:32.3294016-05:00
1901,1544171,2021-11-19-23:34:32.3294028-05:00
496,1544667,2021-11-19-23:34:32.3294041-05:00
1674,1546341,2021-11-19-23:34:32.3294054-05:00
865,1547206,2021-11-19-23:34:32.3294067-05:00
242,1547448,2021-11-19-23:34:32.3294080-05:00
1718,1549166,2021-11-19-23:34:32.3294093-05:00
1429,1550595,2021-11-19-23:34:32.3294106-05:00
639,1551234,2021-11-19-23:34:32.3294119-05:00
1860,1553094,2021-11-19-23:34:32.3294132-05:00
1235,1554329,2021-11-19-23:34:32.3294144-05:00
343,1554672,2021-11-19-23:34:32.3294157-05:00
1037,1555709,2021-11-19-23:34:32.3294170-05:00
30,1555739,2021-11-19-23:34:32.3294183-05:00
463,1556202,2021-11-19-23:34:32.3294196-05:00
1377,1557579,2021-11-19-23:34:32.3294209-05:00
1614,1559193,2021-11-19-23:34:32.3294221-05:00
891,1560084,2021-11-19-23:34:32.3294234-05:00
587,1560671,2021-11-19-23:34:32.3294246-05:00
874,1561545,2021-11-19-23:34:32.3294259-05:00
169,1561714,2021-11-19-23:34:32.3294272-05:00
1050,1562764,2021-11-19-23:34:32.3294285-05:00
468,1563232,2021-11-19-23:34:32.3294348-05:00
553,1563785,2021-11-19-23:34:32.3294367-05:00
80,1563865,2021-11-19-23:34:32.3294382-05:00
1955,1565820,2021-11-19-23:34:32.3294396-05:00
1854,1567674,2021-11-19-23:34:32.3294410-05:00
82,1567756,2021-11-19-23:34:32.3294424-05:00
1170,1568926,2021-11-19-23:34:32.3294437-05:00
1731,1570657,2021-11-19-23:34:32.3294450-05:00
1853,1572510,2021-11-19-23:34:32.3294463-05:00
1934,1574444,2021-11-19-23:34:32.3294476-05:00
549,1574993,2021-11-19-23:34:32.3294489-05:00
1205,1576198,2021-11-19-23:34:32.3294502-05:00
1022,1577220,2021-11-19-23:34:32.3294515-05:00
197,1577417,2021-11-19-23:34:32.3294528-05:00
1702,1579119,2021-11-19-23:34:32.3294541-05:00
935,1580054,2021-11-19-23:34:32.3294554-05:00
1885,1581939,2021-11-19-23:34:32.3294567-05:00
560,1582499,2021-11-19-23:34:32.3294579-05:00
341,1582840,2021-11-19-23:34:32.3294592-05:00
509,1583349,2021-11-19-23:34:32.3294605-05:00
1429,1584778,2021-11-19-23:34:32.3294618-05:00
904,1585682,2021-11-19-23:34:32.3294631-05:00
442,1586124,2021-11-19-23:34:32.3294644-05:00
908,1587032,2021-11-19-23:34:32.3294657-05:00
1157,1588189,2021-11-19-23:34:32.3294669-05:00
536,1588725,2021-11-19-23:34:32.3294682-05:00
215,1588940,2021-11-19-23:34:32.3294695-05:00
667,1589607,2021-11-19-23:34:32.3294708-05:00
749,1590356,2021-11-19-23:34:32.3294721-05:00
1903,1592259,2021-11-19-23:34:32.3294733-05:00
607,1592866,2021-11-19-23:34:32.3294746-05:00
121,1592987,2021-11-19-23:34:32.3294759-05:00
322,1593309,2021-11-19-23:34:32.3294847-05:00
1938,1595247,2021-11-19-23:34:32.3294889-05:00
1434,1596681,2021-11-19-23:34:32.3294907-05:00
1942,1598623,2021-11-19-23:34:32.3294922-05:00
1595,1600218,2021-11-19-23:34:32.3294936-05:00
910,1601128,2021-11-19-23:34:32.3294950-05:00
388,1601516,2021-11-19-23:34:32.3294963-05:00
1637,1603153,2021-11-19-23:34:32.3294977-05:00
259,1603412,2021-11-19-23:34:32.3294990-05:00
907,1604319,2021-11-19-23:34:32.3295003-05:00
8,1604327,2021-11-19-23:34:32.3295016-05:00
1300,1605627,2021-11-19-23:34:32.3295029-05:00
1793,1607420,2021-11-19-23:34:32.3295042-05:00
1831,1609251,2021-11-19-23:34:32.3295055-05:00
1008,1610259,2021-11-19-23:34:32.3295069-05:00
267,1610526,2021-11-19-23:34:32.3295081-05:00
1675,1612201,2021-11-19-23:34:32.3295094-05:00
680,1612881,2021-11-19-23:34:32.3295107-05:00
1006,1613887,2021-11-19-23:34:32.3295120-05:00
27,1613914,2021-11-19-23:34:32.3295133-05:00
534,1614448,2021-11-19-23:34:32.3295146-05:00
1659,1616107,2021-11-19-23:34:32.3295159-05:00
1620,1617727,2021-11-19-23:34:32.3295172-05:00
1564,1619291,2021-11-19-23:34:32.3295185-05:00
111,1619402,2021-11-19-23:34:32.3295197-05:00
1172,1620574,2021-11-19-23:34:32.3295210-05:00
798,1621372,2021-11-19-23:34:32.3295223-05:00
1319,1622691,2021-11-19-23:34:32.3295235-05:00
1866,1624557,2021-11-19-23:34:32.3295248-05:00
504,1625061,2021-11-19-23:34:32.3295261-05:00
983,1626044,2021-11-19-23:34:32.3295274-05:00
1949,1627993,2021-11-19-23:34:32.3295287-05:00
1327,1629320,2021-11-19-23:34:32.3295350-05:00
429,1629749,2021-11-19-23:34:32.3295370-05:00
884,1630633,2021-11-19-23:34:32.3295384-05:00
1084,1631717,2021-11-19-23:34:32.3295398-05:00
763,1632480,2021-11-19-23:34:32.3295412-05:00
1759,1634239,2021-11-19-23:34:32.3295426-05:00
1340,1635579,2021-11-19-23:34:32.3295439-05:00
976,1636555,2021-11-19-23:34:32.3295453-05:00
173,1636728,2021-11-19-23:34:32.3295466-05:00
704,1637432,2021-11-19-23:34:32.3295479-05:00
250,1637682,2021-11-19-23:34:32.3295493-05:00
522,1638204,2021-11-19-23:34:32.3295506-05:00
896,1639100,2021-11-19-23:34:32.3295520-05:00
1142,1640242,2021-11-19-23:34:32.3295554-05:00
1114,1641356,2021-11-19-23:34:32.3295573-05:00
1325,1642681,2021-11-19-23:34:32.3295587-05:00
1528,1644209,2021-11-19-23:34:32.3295601-05:00
1948,1646157,2021-11-19-23:34:32.3295615-05:00
992,1647149,2021-11-19-23:34:32.3295628-05:00
69,1647218,2021-11-19-23:34:32.3295642-05:00
897,1648115,2021-11-19-23:34:32.3295655-05:00
580,1648695,2021-11-19-23:34:32.3295669-05:00
1587,1650282,2021-11-19-23:34:32.3295682-05:00
662,1650944,2021-11-19-23:34:32.3295696-05:00
318,1651262,2021-11-19-23:34:32.3295709-05:00
1869,1653131,2021-11-19-23:34:32.3295723-05:00
1832,1654963,2021-11-19-23:34:32.3295736-05:00
423,1655386,2021-11-19-23:34:32.3295750-05:00
112,1655498,2021-11-19-23:34:32.3295763-05:00
1068,1656566,2021-11-19-23:34:32.3295776-05:00
1770,1658336,2021-11-19-23:34:32.3295790-05:00
1755,1660091,2021-11-19-23:34:32.3295804-05:00
1924,1662015,2021-11-19-23:34:32.3295817-05:00
58,1662073,2021-11-19-23:34:32.3295879-05:00
1973,1664046,2021-11-19-23:34:32.3295899-05:00
1365,1665411,2021-11-19-23:34:32.3295913-05:00
947,1666358,2021-11-19-23:34:32.3295927-05:00
1923,1668281,2021-11-19-23:34:32.3295941-05:00
1504,1669785,2021-11-19-23:34:32.3295954-05:00
1916,1671701,2021-11-19-23:34:32.3295967-05:00
1340,1673041,2021-11-19-23:34:32.3295981-05:00
31,1673072,2021-11-19-23:34:32.3295994-05:00
1854,1674926,2021-11-19-23:34:32.3296007-05:00
1829,1676755,2021-11-19-23:34:32.3296020-05:00
1409,1678164,2021-11-19-23:34:32.3296033-05:00
1099,1679263,2021-11-19-23:34:32.3296047-05:00
668,1679931,2021-11-19-23:34:32.3296063-05:00
969,1680900,2021-11-19-23:34:32.3296076-05:00
58,1680958,2021-11-19-23:34:32.3296089-05:00
1473,1682431,2021-11-19-23:34:32.3296102-05:00
1791,1684222,2021-11-19-23:34:32.3296115-05:00
1917,1686139,2021-11-19-23:34:32.3296128-05:00
1511,1687650,2021-11-19-23:34:32.3296141-05:00
914,1688564,2021-11-19-23:34:32.3296153-05:00
1052,1689616,2021-11-19-23:34:32.3296166-05:00
747,1690363,2021-11-19-23:34:32.3296179-05:00
841,1691204,2021-11-19-23:34:32.3296216-05:00
223,1691427,2021-11-19-23:34:32.3296234-05:00
767,1692194,2021-11-19-23:34:32.3296249-05:00
893,1693087,2021-11-19-23:34:32.3296263-05:00
1926,1695013,2021-11-19-23:34:32.3296276-05:00
917,1695930,2021-11-19-23:34:32.3296290-05:00
865,1696795,2021-11-19-23:34:32.3296303-05:00
1104,1697899,2021-11-19-23:34:32.3296317-05:00
933,1698832,2021-11-19-23:34:32.3296331-05:00
495,1699327,2021-11-19-23:34:32.3296394-05:00
597,1699924,2021-11-19-23:34:32.3296414-05:00
839,1700763,2021-11-19-23:34:32.3296429-05:00
1168,1701931,2021-11-19-23:34:32.3296443-05:00
1749,1703680,2021-11-19-23:34:32.3296458-05:00
378,1704058,2021-11-19-23:34:32.3296471-05:00
1604,1705662,2021-11-19-23:34:32.3296485-05:00
445,1706107,2021-11-19-23:34:32.3296499-05:00
1076,1707183,2021-11-19-23:34:32.3296512-05:00
728,1707911,2021-11-19-23:34:32.3296525-05:00
867,1708778,2021-11-19-23:34:32.3296538-05:00
726,1709504,2021-11-19-23:34:32.3296551-05:00
1758,1711262,2021-11-19-23:34:32.3296565-05:00
1252,1712514,2021-11-19-23:34:32.3296578-05:00
1219,1713733,2021-11-19-23:34:32.3296592-05:00
1201,1714934,2021-11-19-23:34:32.3296605-05:00
863,1715797,2021-11-19-23:34:32.3296618-05:00
366,1716163,2021-11-19-23:34:32.3296631-05:00
638,1716801,2021-11-19-23:34:32.3296644-05:00
1277,1718078,2021-11-19-23:34:32.3296658-05:00
1852,1719930,2021-11-19-23:34:32.3296671-05:00
244,1720174,2021-11-19-23:34:32.3296685-05:00
1010,1721184,2021-11-19-23:34:32.3296698-05:00
1005,1722189,2021-11-19-23:34:32.3296711-05:00
1226,1723415,2021-11-19-23:34:32.3296725-05:00
525,1723940,2021-11-19-23:34:32.3296738-05:00
725,1724665,2021-11-19-23:34:32.3296751-05:00
1157,1725822,2021-11-19-23:34:32.3296764-05:00
611,1726433,2021-11-19-23:34:32.3296778-05:00
1989,1728422,2021-11-19-23:34:32.3296791-05:00
424,1728846,2021-11-19-23:34:32.3296804-05:00
1166,1730012,2021-11-19-23:34:32.3296817-05:00
751,1730763,2021-11-19-23:34:32.3296831-05:00
896,1731659,2021-11-19-23:34:32.3296847-05:00
915,1732574,2021-11-19-23:34:32.3296930-05:00
502,1733076,2021-11-19-23:34:32.3296953-05:00
1829,1734905,2021-11-19-23:34:32.3296969-05:00
1800,1736705,2021-11-19-23:34:32.3296983-05:00
309,1737014,2021-11-19-23:34:32.3296996-05:00
1095,1738109,2021-11-19-23:34:32.3297009-05:00
187,1738296,2021-11-19-23:34:32.3297023-05:00
1473,1739769,2021-11-19-23:34:32.3297036-05:00
436,1740205,2021-11-19-23:34:32.3297050-05:00
187,1740392,2021-11-19-23:34:32.3297063-05:00
186,1740578,2021-11-19-23:34:32.3297076-05:00
22,1740600,2021-11-19-23:34:32.3297088-05:00
1083,1741683,2021-11-19-23:34:32.3297101-05:00
971,1742654,2021-11-19-23:34:32.3297114-05:00
1547,1744201,2021-11-19-23:34:32.3297126-05:00
1692,1745893,2021-11-19-23:34:32.3297139-05:00
1064,1746957,2021-11-19-23:34:32.3297152-05:00
552,1747509,2021-11-19-23:34:32.3297164-05:00
227,1747736,2021-11-19-23:34:32.3297177-05:00
1826,1749562,2021-11-19-23:34:32.3297190-05:00
1081,1750643,2021-11-19-23:34:32.3297202-05:00
251,1750894,2021-11-19-23:34:32.3297215-05:00
1587,1752481,2021-11-19-23:34:32.3297228-05:00
1833,1754314,2021-11-19-23:34:32.3297241-05:00
1942,1756256,2021-11-19-23:34:32.3297253-05:00
1224,1757480,2021-11-19-23:34:32.3297266-05:00
1653,1759133,2021-11-19-23:34:32.3297278-05:00
447,1759580,2021-11-19-23:34:32.3297292-05:00
1834,1761414,2021-11-19-23:34:32.3297304-05:00
1086,1762500,2021-11-19-23:34:32.3297317-05:00
305,1762805,2021-11-19-23:34:32.3297329-05:00
1700,1764505,2021-11-19-23:34:32.3297342-05:00
1975,1766480,2021-11-19-23:34:32.3297355-05:00
862,1767342,2021-11-19-23:34:32.3297421-05:00
337,1767679,2021-11-19-23:34:32.3297440-05:00
717,1768396,2021-11-19-23:34:32.3297454-05:00
1371,1769767,2021-11-19-23:34:32.3297468-05:00
1063,1770830,2021-11-19-23:34:32.3297481-05:00
57,1770887,2021-11-19-23:34:32.3297561-05:00
1543,1772430,2021-11-19-23:34:32.3297612-05:00
1090,1773520,2021-11-19-23:34:32.3297644-05:00
379,1773899,2021-11-19-23:34:32.3297661-05:00
1807,1775706,2021-11-19-23:34:32.3297674-05:00
824,1776530,2021-11-19-23:34:32.3297688-05:00
820,1777350,2021-11-19-23:34:32.3297701-05:00
1205,1778555,2021-11-19-23:34:32.3297714-05:00
1441,1779996,2021-11-19-23:34:32.3297726-05:00
1754,1781750,2021-11-19-23:34:32.3297739-05:00
1609,1783359,2021-11-19-23:34:32.3297751-05:00
918,1784277,2021-11-19-23:34:32.3297764-05:00
926,1785203,2021-11-19-23:34:32.3297777-05:00
1871,1787074,2021-11-19-23:34:32.3297789-05:00
940,1788014,2021-11-19-23:34:32.3297802-05:00
924,1788938,2021-11-19-23:34:32.3297815-05:00
1815,1790753,2021-11-19-23:34:32.3297827-05:00
664,1791417,2021-11-19-23:34:32.3297840-05:00
914,1792331,2021-11-19-23:34:32.3297853-05:00
1996,1794327,2021-11-19-23:34:32.3297865-05:00
1858,1796185,2021-11-19-23:34:32.3297878-05:00
1084,1797269,2021-11-19-23:34:32.3297891-05:00
1441,1798710,2021-11-19-23:34:32.3297904-05:00
1740,1800450,2021-11-19-23:34:32.3297917-05:00
1639,1802089,2021-11-19-23:34:32.3297929-05:00
1350,1803439,2021-11-19-23:34:32.3297942-05:00
1881,1805320,2021-11-19-23:34:32.3297954-05:00
485,1805805,2021-11-19-23:34:32.3297967-05:00
46,1805851,2021-11-19-23:34:32.3297980-05:00
221,1806072,2021-11-19-23:34:32.3297993-05:00
634,1806706,2021-11-19-23:34:32.3298006-05:00
830,1807536,2021-11-19-23:34:32.3298019-05:00
321,1807857,2021-11-19-23:34:32.3298032-05:00
1,1807858,2021-11-19-23:34:32.3298105-05:00
495,1808353,2021-11-19-23:34:32.3298124-05:00
683,1809036,2021-11-19-23:34:32.3298139-05:00
737,1809773,2021-11-19-23:34:32.3298152-05:00
702,1810475,2021-11-19-23:34:32.3298166-05:00
443,1810918,2021-11-19-23:34:32.3298180-05:00
763,1811681,2021-11-19-23:34:32.3298194-05:00
1014,1812695,2021-11-19-23:34:32.3298207-05:00
738,1813433,2021-11-19-23:34:32.3298220-05:00
1783,1815216,2021-11-19-23:34:32.3298233-05:00
1899,1817115,2021-11-19-23:34:32.3298246-05:00
837,1817952,2021-11-19-23:34:32.3298259-05:00
916,1818868,2021-11-19-23:34:32.3298271-05:00
161,1819029,2021-11-19-23:34:32.3298284-05:00
433,1819462,2021-11-19-23:34:32.3298297-05:00
761,1820223,2021-11-19-23:34:32.3298309-05:00
1052,1821275,2021-11-19-23:34:32.3298322-05:00
1047,1822322,2021-11-19-23:34:32.3298335-05:00
1672,1823994,2021-11-19-23:34:32.3298348-05:00
1803,1825797,2021-11-19-23:34:32.3298361-05:00
1375,1827172,2021-11-19-23:34:32.3298374-05:00
1205,1828377,2021-11-19-23:34:32.3298387-05:00
972,1829349,2021-11-19-23:34:32.3298399-05:00
102,1829451,2021-11-19-23:34:32.3298412-05:00
1350,1830801,2021-11-19-23:34:32.3298425-05:00
740,1831541,2021-11-19-23:34:32.3298438-05:00
458,1831999,2021-11-19-23:34:32.3298450-05:00
942,1832941,2021-11-19-23:34:32.3298463-05:00
335,1833276,2021-11-19-23:34:32.3298476-05:00
1159,1834435,2021-11-19-23:34:32.3298489-05:00
1220,1835655,2021-11-19-23:34:32.3298501-05:00
1120,1836775,2021-11-19-23:34:32.3298514-05:00
780,1837555,2021-11-19-23:34:32.3298577-05:00
597,1838152,2021-11-19-23:34:32.3298597-05:00
925,1839077,2021-11-19-23:34:32.3298611-05:00
1376,1840453,2021-11-19-23:34:32.3298626-05:00
257,1840710,2021-11-19-23:34:32.3298640-05:00
188,1840898,2021-11-19-23:34:32.3298654-05:00
1113,1842011,2021-11-19-23:34:32.3298687-05:00
221,1842232,2021-11-19-23:34:32.3298705-05:00
152,1842384,2021-11-19-23:34:32.3298720-05:00
982,1843366,2021-11-19-23:34:32.3298734-05:00
1120,1844486,2021-11-19-23:34:32.3298748-05:00
1301,1845787,2021-11-19-23:34:32.3298761-05:00
1542,1847329,2021-11-19-23:34:32.3298775-05:00
903,1848232,2021-11-19-23:34:32.3298788-05:00
723,1848955,2021-11-19-23:34:32.3298801-05:00
1189,1850144,2021-11-19-23:34:32.3298815-05:00
1449,1851593,2021-11-19-23:34:32.3298828-05:00
1724,1853317,2021-11-19-23:34:32.3298842-05:00
994,1854311,2021-11-19-23:34:32.3298855-05:00
1174,1855485,2021-11-19-23:34:32.3298869-05:00
961,1856446,2021-11-19-23:34:32.3298883-05:00
1027,1857473,2021-11-19-23:34:32.3298896-05:00
946,1858419,2021-11-19-23:34:32.3298909-05:00
796,1859215,2021-11-19-23:34:32.3298923-05:00
1523,1860738,2021-11-19-23:34:32.3298936-05:00
581,1861319,2021-11-19-23:34:32.3298949-05:00
1386,1862705,2021-11-19-23:34:32.3298963-05:00
1961,1864666,2021-11-19-23:34:32.3298976-05:00
1985,1866651,2021-11-19-23:34:32.3298990-05:00
1821,1868472,2021-11-19-23:34:32.3299003-05:00
679,1869151,2021-11-19-23:34:32.3299016-05:00
1579,1870730,2021-11-19-23:34:32.3299029-05:00
563,1871293,2021-11-19-23:34:32.3299093-05:00
779,1872072,2021-11-19-23:34:32.3299113-05:00
58,1872130,2021-11-19-23:34:32.3299128-05:00
319,1872449,2021-11-19-23:34:32.3299142-05:00
1235,1873684,2021-11-19-23:34:32.3299156-05:00
1056,1874740,2021-11-19-23:34:32.3299169-05:00
504,1875244,2021-11-19-23:34:32.3299183-05:00
864,1876108,2021-11-19-23:34:32.3299196-05:00
1933,1878041,2021-11-19-23:34:32.3299210-05:00
1451,1879492,2021-11-19-23:34:32.3299224-05:00
1652,1881144,2021-11-19-23:34:32.3299237-05:00
393,1881537,2021-11-19-23:34:32.3299250-05:00
85,1881622,2021-11-19-23:34:32.3299264-05:00
1671,1883293,2021-11-19-23:34:32.3299278-05:00
560,1883853,2021-11-19-23:34:32.3299291-05:00
447,1884300,2021-11-19-23:34:32.3299304-05:00
17,1884317,2021-11-19-23:34:32.3299318-05:00
1268,1885585,2021-11-19-23:34:32.3299353-05:00
1493,1887078,2021-11-19-23:34:32.3299371-05:00
611,1887689,2021-11-19-23:34:32.3299385-05:00
165,1887854,2021-11-19-23:34:32.3299399-05:00
47,1887901,2021-11-19-23:34:32.3299413-05:00
159,1888060,2021-11-19-23:34:32.3299427-05:00
1752,1889812,2021-11-19-23:34:32.3299440-05:00
1651,1891463,2021-11-19-23:34:32.3299454-05:00
129,1891592,2021-11-19-23:34:32.3299467-05:00
1853,1893445,2021-11-19-23:34:32.3299480-05:00
1675,1895120,2021-11-19-23:34:32.3299494-05:00
801,1895921,2021-11-19-23:34:32.3299507-05:00
1151,1897072,2021-11-19-23:34:32.3299520-05:00
236,1897308,2021-11-19-23:34:32.3299534-05:00
330,1897638,2021-11-19-23:34:32.3299547-05:00
304,1897942,2021-11-19-23:34:32.3299560-05:00
1540,1899482,2021-11-19-23:34:32.3299604-05:00
738,1900220,2021-11-19-23:34:32.3299623-05:00
763,1900983,2021-11-19-23:34:32.3299638-05:00
845,1901828,2021-11-19-23:34:32.3299653-05:00
404,1902232,2021-11-19-23:34:32.3299667-05:00
1954,1904186,2021-11-19-23:34:32.3299681-05:00
393,1904579,2021-11-19-23:34:32.3299695-05:00
1220,1905799,2021-11-19-23:34:32.3299708-05:00
131,1905930,2021-11-19-23:34:32.3299722-05:00
1241,1907171,2021-11-19-23:34:32.3299735-05:00
1509,1908680,2021-11-19-23:34:32.3299748-05:00
1375,1910055,2021-11-19-23:34:32.3299762-05:00
554,1910609,2021-11-19-23:34:32.3299775-05:00
711,1911320,2021-11-19-23:34:32.3299788-05:00
1851,1913171,2021-11-19-23:34:32.3299802-05:00
22,1913193,2021-11-19-23:34:32.3299815-05:00
939,1914132,2021-11-19-23:34:32.3299828-05:00
1945,1916077,2021-11-19-23:34:32.3299842-05:00
717,1916794,2021-11-19-23:34:32.3299855-05:00
328,1917122,2021-11-19-23:34:32.3299868-05:00
69,1917191,2021-11-19-23:34:32.3299882-05:00
1415,1918606,2021-11-19-23:34:32.3299895-05:00
517,1919123,2021-11-19-23:34:32.3299908-05:00
620,1919743,2021-11-19-23:34:32.3299922-05:00
306,1920049,2021-11-19-23:34:32.3299935-05:00
668,1920717,2021-11-19-23:34:32.3299948-05:00
1106,1921823,2021-11-19-23:34:32.3299962-05:00
1203,1923026,2021-11-19-23:34:32.3299975-05:00
828,1923854,2021-11-19-23:34:32.3300061-05:00
64,1923918,2021-11-19-23:34:32.3300084-05:00
782,1924700,2021-11-19-23:34:32.3300099-05:00
1216,1925916,2021-11-19-23:34:32.3300113-05:00
1322,1927238,2021-11-19-23:34:32.3300127-05:00
90,1927328,2021-11-19-23:34:32.3300140-05:00
544,1927872,2021-11-19-23:34:32.3300154-05:00
933,1928805,2021-11-19-23:34:32.3300167-05:00
1796,1930601,2021-11-19-23:34:32.3300179-05:00
1602,1932203,2021-11-19-23:34:32.3300192-05:00
1612,1933815,2021-11-19-23:34:32.3300205-05:00
1314,1935129,2021-11-19-23:34:32.3300291-05:00
1101,1936230,2021-11-19-23:34:32.3300312-05:00
1390,1937620,2021-11-19-23:34:32.3300327-05:00
34,1937654,2021-11-19-23:34:32.3300341-05:00
806,1938460,2021-11-19-23:34:32.3300354-05:00
650,1939110,2021-11-19-23:34:32.3300367-05:00
377,1939487,2021-11-19-23:34:32.3300380-05:00
1098,1940585,2021-11-19-23:34:32.3300393-05:00
1418,1942003,2021-11-19-23:34:32.3300406-05:00
3,1942006,2021-11-19-23:34:32.3300419-05:00
1654,1943660,2021-11-19-23:34:32.3300431-05:00
1862,1945522,2021-11-19-23:34:32.3300444-05:00
1206,1946728,2021-11-19-23:34:32.3300456-05:00
1518,1948246,2021-11-19-23:34:32.3300469-05:00
3,1948249,2021-11-19-23:34:32.3300482-05:00
235,1948484,2021-11-19-23:34:32.3300495-05:00
126,1948610,2021-11-19-23:34:32.3300507-05:00
222,1948832,2021-11-19-23:34:32.3300520-05:00
144,1948976,2021-11-19-23:34:32.3300533-05:00
540,1949516,2021-11-19-23:34:32.3300545-05:00
1736,1951252,2021-11-19-23:34:32.3300558-05:00
848,1952100,2021-11-19-23:34:32.3300570-05:00
1190,1953290,2021-11-19-23:34:32.3300583-05:00
393,1953683,2021-11-19-23:34:32.3300596-05:00
68,1953751,2021-11-19-23:34:32.3300608-05:00
459,1954210,2021-11-19-23:34:32.3300621-05:00
294,1954504,2021-11-19-23:34:32.3300633-05:00
54,1954558,2021-11-19-23:34:32.3300646-05:00
464,1955022,2021-11-19-23:34:32.3300659-05:00
167,1955189,2021-11-19-23:34:32.3300672-05:00
919,1956108,2021-11-19-23:34:32.3300685-05:00
226,1956334,2021-11-19-23:34:32.3300698-05:00
1337,1957671,2021-11-19-23:34:32.3300710-05:00
334,1958005,2021-11-19-23:34:32.3300774-05:00
1403,1959408,2021-11-19-23:34:32.3300793-05:00
1226,1960634,2021-11-19-23:34:32.3300808-05:00
679,1961313,2021-11-19-23:34:32.3300822-05:00
1381,1962694,2021-11-19-23:34:32.3300835-05:00
1710,1964404,2021-11-19-23:34:32.3300849-05:00
1970,1966374,2021-11-19-23:34:32.3300862-05:00
1929,1968303,2021-11-19-23:34:32.3300875-05:00
1570,1969873,2021-11-19-23:34:32.3300888-05:00
1688,1971561,2021-11-19-23:34:32.3300901-05:00
1200,1972761,2021-11-19-23:34:32.3300914-05:00
1174,1973935,2021-11-19-23:34:32.3300927-05:00
201,1974136,2021-11-19-23:34:32.3300940-05:00
1576,1975712,2021-11-19-23:34:32.3300954-05:00
1697,1977409,2021-11-19-23:34:32.3300966-05:00
1319,1978728,2021-11-19-23:34:32.3300980-05:00
1855,1980583,2021-11-19-23:34:32.3300992-05:00
419,1981002,2021-11-19-23:34:32.3301005-05:00
711,1981713,2021-11-19-23:34:32.3301018-05:00
1653,1983366,2021-11-19-23:34:32.3301031-05:00
1062,1984428,2021-11-19-23:34:32.3301044-05:00
1876,1986304,2021-11-19-23:34:32.3301056-05:00
467,1986771,2021-11-19-23:34:32.3301069-05:00
1911,1988682,2021-11-19-23:34:32.3301102-05:00
998,1989680,2021-11-19-23:34:32.3301120-05:00
